2
6
38
51
119
137
144
174
175
176
177
187
204
206
214
222
232
237
239
247
248
264
280
281
288
300
305
311
312
313
314
338
342
346
359
379
441
444
449
457
464
525
564
572
573
581
586
588
597
602
611
612
668
673
674
679
681
702
712
738
750
753
757
763
769
772
774
783
784
785
795
802
807
825
838
845
864
871
888
890
892
896
906
923
935
936
938
942
943
946
947
948
957
962
970
977
980
985
996
1005
1015
1018
1023
1024
1028
1030
1031
1032
1044
1045
1046
1050
1051
1052
1054
1060
1061
1088
1091
1102
1103
1108
1110
1117
1123
1130
1133
1174
1175
1176
1188
1221
1228
1254
1287
1345
1346
1355
1455
1486
1530
1546
1614
1615
1646
1678
1684
1691
1727
1732
1738
1775
1783
1794
1800
1832
1935
1972
1978
1979
1981
1983
1986
1990
1993
1995
2071
2082
2083
2088
2092
2099
2102
2116
2117
2118
2123
2130
2132
2140
2141
2145
2146
2148
2153
2157
2159
2160
2161
2162
2164
2165
2176
2179
2187
2196
2200
2202
2214
2216
2244
2249
2265
2266
2267
2273
2284
2315
2318
2327
2329
2330
2333
2336
2337
2345
2346
2349
2353
2355
2358
2366
2369
2370
2372
2375
2378
2381
2391
2405
2435
2441
2442
2446
2448
2450
2451
2471
2472
2474
2477
2478
2484
2519
2520
2522
2536
2537
2540
2541
2543
2554
2577
2578
2583
2585
2662
2663
2678
2683
2707
2708
2712
2714
2719
2720
2725
2726
2727
2732
2733
2746
2749
2754
2756
2758
2763
2764
2771
2780
2783
2788
2789
2794
2796
2799
2800
2801
2802
2803
2806
2811
2812
2882
2895
2905
2907
2913
2929
2955
2966
2972
2973
2977
2995
2998
3003
3007
3008
3009
3016
3019
3033
3038
3052
3053
3059
3071
3100
3103
3105
3108
3111
3114
3117
3121
3125
3143
3144
3151
3152
3156
3157
3158
3162
3168
3169
3191
3194
3219
3220
3226
3229
3230
3236
3241
3249
3255
3261
3276
3278
3280
3291
3301
3305
3306
3307
3308
3310
3314
3324
3325
3331
3333
3337
3339
3341
3343
3345
3348
3354
3356
3365
3366
3368
3372
3373
3380
3385
3386
3388
3393
3394
3395
3396
3397
3406
3410
3415
3440
3446
3448
3449
3455
3463
3467
3475
3476
3478
3488
3494
3503
3510
3515
3516
3518
3519
3547
3559
3562
3598
3599
3607
3608
3637
3639
3652
3657
3658
3661
3663
3668
3671
3672
3673
3675
3676
3678
3680
3686
3689
3690
3692
3696
3702
3712
3715
3724
3730
3731
3734
3736
3740
3741
3742
3744
3746
3748
3749
3752
3759
3763
3764
3767
3776
3778
3779
3784
3792
3821
3822
3825
3826
3827
3830
3840
3869
3878
3883
3885
3893
3899
3902
3917
3950
3955
3957
3958
3961
3964
3965
4004
4008
4011
4020
4021
4030
4031
4032
4033
4034
4037
4039
4044
4046
4054
4055
4056
4058
4060
4062
4063
4066
4075
4076
4091
4093
4095
4097
4100
4101
4107
4113
4114
4116
4139
4156
4158
4159
4168
4169
4170
4171
4173
4174
4178
4184
4189
4192
4195
4197
4201
4205
4208
4211
4212
4213
4235
4236
4239
4259
4261
4266
4274
4284
4362
4382
4409
4410
4412
4413
4418
4432
4436
4440
4447
4449
4450
4456
4463
4474
4477
4485
4486
4493
4494
4495
4497
4499
4506
4507
4510
4513
4534
4539
4542
4543
4547
4568
4578
4583
4593
4594
4595
4601
4602
4604
4614
4615
4616
4621
4633
4634
4636
4641
4649
4666
4671
4674
4678
4679
4680
4685
4687
4696
4723
4735
4737
4739
4740
4744
4746
4747
4748
4756
4760
4763
4768
4771
4775
4781
4810
4820
4828
4829
4830
4842
4843
4848
4850
4873
4875
4887
4888
4891
4893
4906
4908
4909
4911
4912
4913
4914
4915
4917
4922
4927
4932
4935
4938
4942
4943
4946
4963
4976
4980
4991
4993
4996
5002
5029
5035
5038
5042
5054
5064
5070
5071
5073
5074
5077
5078
5090
5092
5095
5143
5152
5160
5161
5172
5184
5198
5199
5202
5206
5210
5213
5215
5234
5235
5237
5238
5240
5243
5245
5253
5256
5258
5266
5281
5291
5311
5314
5328
5329
5339
5350
5355
5356
5358
5361
5379
5381
5386
5391
5394
5401
5403
5411
5413
5426
5429
5430
5431
5437
5440
5452
5453
5455
5467
5472
5479
5482
5483
5487
5497
5505
5510
5511
5517
5523
5526
5530
5533
5546
5556
5560
5563
5564
5565
5566
5570
5572
5573
5577
5578
5584
5591
5593
5601
5606
5610
5619
5625
5639
5641
5656
5663
5665
5672
5709
5717
5719
5720
5727
5732
5734
5735
5736
5741
5743
5744
5745
5746
5750
5751
5753
5754
5755
5756
5757
5761
5770
5775
5780
5789
5790
5793
5794
5795
5798
5803
5806
5807
5815
5816
5818
5819
5824
5825
5826
5827
5831
5832
5833
5834
5839
5852
5857
5858
5862
5865
5866
5870
5877
5878
5881
5883
5885
5886
5892
5893
5897
5903
5904
5905
5906
5909
5910
5917
5918
5920
5921
5922
5923
5927
5935
5939
5943
5944
5950
5951
5957
5959
5960
5961
5962
5971
5974
5978
5983
5988
5991
5994
5995
5997
6005
6010
6013
6014
6018
6019
6022
6029
6030
6032
6035
6036
6038
6041
6047
6049
6050
6054
6055
6057
6058
6060
6082
6083
6084
6087
6089
6098
6099
6106
6112
6114
6116
6129
6131
6133
6134
6135
6137
6140
6166
6167
6169
6175
6176
6196
6199
6202
6209
6213
6215
6224
6227
6228
6230
6234
6238
6240
6241
6247
6249
6251
6252
6253
6256
6269
6274
6279
6287
6293
6296
6297
6303
6305
6306
6314
6321
6322
6337
6338
6354
6374
6393
6421
6432
6435
6436
6446
6451
6476
6503
6506
6518
6597
6613
6623
6636
6654
6694
6741
6751
6755
6834
6853
6869
6883
6900
6904
6912
6931
6989
7010
7017
7028
7029
7071
7083
7099
7121
7140
7151
7153
7172
7184
7187
7222
7302
7314
7329
7333
7339
7427
7436
7474
7550
7570
7580
7618
7628
7638
7639
7669
7699
7700
7765
7800
7814
7832
7838
7839
7871
7894
7896
7902
7904
7938
7943
7950
7964
7965
7966
8003
8027
8042
8053
8095
8105
8226
8228
8230
8249
8362
8378
8430
8456
8468
8478
8481
8482
8507
8514
8519
8521
8556
8566
8584
8612
8614
8691
8695
8706
8711
8757
8759
8799
8813
8868
8906
8950
8955
8969
8980
8982
9001
9002
9034
9051
9053
9082
9085
9087
9237
9260
9270
9279
9280
9283
9290
9294
9324
9331
9351
9354
9400
9403
9410
9416
9417
9427
9433
9444
9458
9470
9581
9638
9642
9651
9677
9679
9703
9750
9782
9873
9878
9880
9904
10005
10044
10112
10114
10133
10140
10178
10180
10205
10206
10230
10235
10251
10267
10281
10311
10334
10364
10393
10401
10404
10413
10442
10444
10461
10494
10531
10607
10608
10621
10624
10631
10635
10649
10660
10664
10692
10745
10762
10783
10819
10824
10827
10836
10850
10866
10898
10913
10917
10928
10930
10944
10969
10987
10997
11023
11029
11057
11065
11092
11103
11125
11177
11192
11199
11207
11224
11230
11289
11313
11333
11339
11368
11388
11413
11545
11548
11646
11683
11693
11973
12035
12041
12047
12086
12122
12137
12391
12456
12530
12544
12555
12560
12594
12597
12620
12675
12947
13099
13109
13116
13129
13136
13144
13192
13221
13314
13342
13344
13347
13387
13472
13520
13711
13769
13770
13789
13791
13804
13805
13810
13818
14046
14051
14052
14080
14180
14184
14190
14219
14231
14296
14410
14415
14434
14670
14754
14759
14781
14792
14794
14797
14804
14830
14866
14871
14888
14960
14969
14982
14985
14986
14992
15103
15130
15165
15209
15232
15324
15387
15424
15443
15459
15516
15542
15600
15664
15684
15717
15789
15851
15965
16043
16078
16180
16230
16231
16351
16362
16363
16421
16533
16623
16666
16685
16741
16752
16850
16923
16949
16961
17106
17134
17184
17249
17320
17358
17506
17513
17683
17913
17925
18196
18283
18340
18343
18381
18900
18950
19090
19092
19118
19190
19275
19310
19493
19518
19648
19649
19910
19999
20011
20058
20140
20179
20279
20313
20469
20686
20823
20847
21109
21157
21236
21238
21307
21319
21467
21640
21648
21700
21704
21718
21800
21826
21855
21908
21945
21975
22055
22162
22197
22230
22266
22311
22318
22419
22420
22475
22478
22483
22502
22576
22880
23009
23056
23087
23257
23327
23342
23471
23565
23576
23831
23892
23897
23924
23925
23926
23929
23930
23931
23934
23936
23937
23938
23939
23942
23943
23944
23945
23947
23951
23952
23954
23956
23957
23961
23963
23965
23966
23968
23974
23976
23978
23979
23980
23982
23985
23987
23990
23991
23993
23994
23995
23997
23998
24012
24014
24066
24083
24203
24205
24247
24261
24266
24268
24341
24380
24393
24404
24408
24424
24434
24436
24451
24453
24456
24462
24470
24477
24497
24502
24523
24524
24526
24550
24561
24564
24586
24602
24644
24706
24750
24756
24766
24822
24823
24826
24843
24855
24857
24870
24877
24904
24934
24968
25249
25382
25419
25429
25473
25517
25523
25544
25590
25654
25670
25798
25799
25960
25975
26003
26041
26042
26052
26105
26133
26248
26388
26476
26618
26757
26758
26879
26945
26964
26987
27125
27200
27365
27400
27447
27503
27661
27812
27924
27944
27982
27991
28061
28179
28417
28467
28693
28780
28815
28864
28891
29243
29327
29435
29566
29626
29963
30131
30165
30219
30323
30487
30667
30668
30751
31072
31098
31100
31101
31195
31204
31218
31236
31239
31253
31257
31268
31294
31307
31348
31378
31401
31404
31407
31553
31593
31620
31703
32051
32169
32170
32281
32343
32798
32874
32893
33032
33036
33039
33255
33309
33572
33613
33624
33630
33741
33746
33887
34007
34040
34058
34180
34192
34312
34313
34359
34457
34633
34755
34756
35370
35375
36119
36273
36294
36314
36431
36462
36511
36523
36573
36604
36605
36708
36811
37056
37274
37397
37542
37768
38072
38101
38103
38351
38853
38882
38911
39040
39042
39065
39147
39186
39214
39324
39385
39562
39764
39765
39836
39859
39912
40127
40326
40486
40632
40703
40704
40839
40854
40926
40973
41022
41114
41214
41428
41566
41684
41693
41781
41867
42008
42113
42373
42548
42890
43032
43043
43091
43116
43157
43672
43708
43805
43815
43860
44093
44187
44219
44561
44600
44602
47318
47319
47320
47471
47528
47576
47641
47811
47812
47909
47953
47964
47965
48041
48229
49659
50108
50137
50224
50225
50248
50294
50312
50313
50515
50942
50981
51039
51044
51081
51082
51107
51166
51167
51263
51634
51763
51966
52507
52919
53025
53232
53276
53309
53708
54259
54260
54331
54360
54369
54384
54385
54405
54413
54454
54459
54585
54687
54746
54765
54766
54840
54841
54889
54891
54892
54900
54909
54910
54949
55182
55191
55223
55245
55281
55283
55361
55362
55466
55473
55483
55652
56008
56260
56338
56339
56494
56801
56959
56998
57004
57030
57050
57112
57337
57363
57469
57487
57533
57537
57697
57782
59227
59693
59739
59745
59768
59772
59774
59844
59868
60149
60164
60172
60198
60203
60348
60490
60496
60558
60560
60606
60613
60648
60652
60653
60654
60656
60657
60663
60699
60700
60702
60703
60714
60726
60734
60748
60749
60750
60751
60753
60754
60758
60794
60795
60807
60809
60814
60815
60822
60823
60825
60834
60835
60837
60838
60846
60847
60852
60853
60854
60855
60857
60860
60871
60875
60877
60934
60937
60946
60947
60953
60956
60960
60961
60974
61038
61100
61156
61300
61361
61363
61475
61634
61635
61773
61775
61778
61948
62074
62097
62115
62156
62238
62348
62358
62413
62639
62640
62647
62662
62690
62698
62712
62770
62819
62820
62857
62858
62859
62867
62878
62881
62882
62883
62884
62886
62887
62894
62920
62921
62923
62925
62930
62933
62935
62937
62955
62957
62969
62977
62978
62984
62995
62998
62999
63002
63006
63009
63011
63013
63016
63019
63020
63044
63045
63049
63062
63951
63952
64139
64140
64142
64143
64150
64647
64648
64655
64662
64663
64685
64689
64692
64727
64737
64761
64764
64765
64781
64927
64929
64936
64939
64945
64953
64956
64957
64960
64969
64971
64972
64973
64981
65002
65013
65014
65015
65016
65028
65057
65064
65104
65108
65121
65157
65167
65264
65305
65324
65326
65327
65329
65332
65335
65340
65348
65351
65359
65373
65399
65404
65405
65430
65432
65464
65478
65492
65494
65513
65559
65594
65625
65628
65632
65650
65702
65709
65720
65781
65808
65825
65833
65840
65853
65856
65859
65863
65864
65866
65894
65906
65907
65937
65944
65947
65948
65954
65955
65957
65981
65985
65997
65999
66007
66068
66070
66091
66120
66124
66170
66245
66249
66250
66259
66261
66264
66265
66370
66376
66379
66414
66644
67356
67387
67413
67678
67697
67701
68071
68077
68294
68325
68374
68385
68406
68539
68540
68546
68551
68553
68555
68589
68592
68603
68614
68617
68643
68647
68654
68682
68712
68727
68740
68742
68770
68783
68791
68792
68802
68827
68844
68861
68865
68867
68870
68873
68876
68888
68911
68926
68942
69007
69048
69188
69286
69310
69362
69442
69532
69640
70135
70267
70387
70684
70718
70815
70881
70882
70912
70969
71077
71120
71157
71158
71171
71184
71188
71206
71237
71283
71285
71301
71310
71329
71339
71351
71352
71353
71354
71357
71360
71364
71368
71384
71386
71398
71399
71401
71405
71412
71414
71415
71420
71424
71433
71434
71456
71469
71476
71478
71485
71486
71568
71583
71588
71612
71613
71616
71741
71743
71750
71764
71771
71773
71777
71792
71815
72006
72051
72078
72081
72092
72098
72099
72111
72128
72172
72271
72276
72277
72281
72287
72301
72303
72304
72344
72385
72390
72402
72435
72462
72495
72552
72886
72917
72949
72950
73030
73078
73111
73115
73246
73286
73303
73351
73352
73431
73481
73491
73659
73671
73680
73972
73981
74483
74989
74990
75142
75324
75394
75540
75805
76675
76738
76807
76935
77073
77082
77899
77991
77992
77993
77995
77997
77999
78000
79034
79873
80116
80656
80817
81138
82146
82148
82153
82755
83030
83201
83213
83489
83686
83813
83818
83823
83887
83932
83966
83969
84003
84008
84029
84098
84512
84621
84645
84815
84944
85880
86398
86471
86472
86821
87284
87577
87642
87833
88064
88079
89105
89579
89585
89594
90010
91268
91270
91271
91272
91273
91274
91276
91430
91431
91435
91438
91439
91440
91441
91452
91469
91488
91502
91503
91505
91513
91523
91558
91626
91649
91657
91668
91670
91694
91699
91727
91773
92094
92095
92135
92141
92142
92151
92163
92176
92185
92242
92253
92304
92337
92389
92400
92432
92721
92722
92727
92729
92786
92787
92920
92922
92965
92974
93072
93095
93147
93356
93405
93504
93926
94141
94156
94328
94332
94392
94990
95526
95987
96799
97226
97364
97536
98523
98527
98606
99474
99479
99514
100048
100101
100154
100299
100427
100773
100802
101105
101201
101507
101524
101525
101526
101616
102416
104050
104730
104741
104745
104747
104760
104762
104769
104775
104778
104799
104802
104813
104817
104827
104838
104842
104850
104858
104865
104880
104903
104938
104967
104974
104997
105024
105053
105075
105102
105162
107475
107564
107641
107653
107689
107694
107706
107735
107738
107751
107758
107770
107771
107778
107782
107805
107807
107876
107882
107930
107952
107969
107970
107971
107979
107985
107999
108000
108013
108018
108052
108059
108061
108082
108092
108123
108143
108144
108150
108161
108223
110635
111080
111332
112005
112072
114011
114709
114750
114753
114829
114840
114869
114880
114897
114905
114917
114924
114933
114941
114999
115046
115067
115087
115162
115163
115198
115212
115227
115234
115237
115355
115358
115366
115367
115368
117765
117965
119031
119032
119171
119182
119184
119185
119192
119193
119389
119432
119442
119498
119561
119569
119570
119574
119583
119584
119607
119828
120232
120393
120636
121396
121586
121587
121829
121841
121861
121888
121891
121892
121954
122042
122152
122188
122218
122262
122298
122316
122335
122724
122842
123596
123600
123601
123606
123607
123608
123610
123619
123628
123630
123631
123634
123683
123698
123723
123798
123805
123809
123812
123818
123868
123879
123908
123935
123936
123938
123964
123974
123995
124087
124088
124093
124099
124108
124246
124343
124653
124886
125017
125409
125516
125564
125766
126154
126274
126437
126565
126664
126735
126931
126941
127151
127534
127633
127737
127766
127894
128563
128878
128918
128919
129148
129211
129228
129791
129869
129873
130021
130165
130312
130313
130564
130565
130731
130770
130881
130904
130956
131204
131411
131535
131536
131664
131678
131682
131936
132411
132648
132862
132971
132999
133017
133043
133169
133463
133577
134018
134019
134085
134448
134601
134664
134732
134780
134896
134930
135191
135242
135326
135902
136721
137329
137356
137438
137953
137994
139443
139506
140430
141643
145068
145742
145858
146363
146570
146571
147004
147569
147740
148121
148123
148124
148137
148139
148160
148177
148184
148189
148192
148193
148195
148196
148197
148198
148200
148201
148202
148210
148224
149096
149514
149755
150191
150311
150315
150552
150610
150708
150762
150855
151003
151075
151114
151118
151120
151166
151170
151171
151174
151193
151194
151199
151427
151722
151805
151897
151932
152703
152943
152946
153241
153311
153921
153948
153970
153976
153990
153994
153997
153999
154059
154100
154101
154104
154234
154256
154257
154274
154417
154911
155032
155094
155142
155240
155290
155354
155434
155436
155815
156320
156329
156391
156413
156414
156417
156418
156419
156422
156867
157313
157355
157364
157672
157691
157692
157787
157836
157839
157917
157920
157921
157922
158348
158385
158397
158536
158550
158780
158781
158782
158784
158795
159055
159247
159269
159278
159324
159325
159326
159328
159594
159595
159603
160036
160338
160352
160355
160418
160464
160565
160625
160883
161046
161116
161166
161267
161557
161671
161820
162163
162381
162762
163091
163158
163606
163659
163685
163701
163751
163797
164457
164509
164521
164522
164533
164619
164825
165166
165331
165388
165420
165435
165512
165528
165580
166548
166589
167159
167195
167305
167653
167980
168045
168302
168566
168614
168924
169371
169535
169569
169853
169870
170014
170049
170317
170362
170364
170484
171321
171393
171548
171558
171758
172197
172198
172293
172997
173480
173612
173924
174174
174478
174489
174697
174707
174735
175534
175542
175804
175805
175989
176077
176166
176167
176168
176265
176405
176595
176870
176871
176873
176885
177236
177336
177358
177896
177923
177941
177976
178033
178039
178052
178074
178156
178397
179337
179338
179340
179344
180335
181458
181572
181625
182137
182232
183797
184196
184644
184819
184820
185460
185462
185583
185679
186062
187888
187889
188218
188548
188824
189008
189460
189562
189821
192126
192155
192254
192706
193313
193653
193962
194173
196122
196462
196528
196970
197033
197059
197060
197081
197083
197162
197199
197763
197781
197855
198155
198190
198334
198695
198716
198756
200105
204056
204104
204105
205051
205115
206044
208364
208570
208898
208901
208902
208907
208908
208909
208924
208925
208951
208952
208953
210823
212480
213013
213037
213039
213041
213043
213046
213049
213053
213054
214346
214347
214348
214351
216208
216210
216235
216237
216239
216293
216300
216305
216306
216322
216325
216326
216327
216385
216416
216454
216457
216466
216468
219021
219023
219024
219025
219077
219078
219091
219099
219100
219104
219121
220197
221493
222284
222285
222528
222786
223997
225215
225609
227456
228400
229295
230349
233254
235905
236666
236702
237332
237873
238053
240767
241903
242911
247704
248271
249176
249332
253881
259325
259329
259331
259613
259776
259846
260656
260803
265237
272833
273661
275196
282741
284483
285033
287291
292779
300471
310360
315411
316919
319665
320760
322931
332964
333445
337359
338089
339455
339886
341684
351727
352038
358641
368250
369976
378119
382974
387447
389053
389286
392622
393111
393405
393472
394347
397888
400010
400633
400769
404591
404592
405012
406563
412322
423312
423972
426756
429200
433630
435717
435949
437740
439174
439176
439177
439178
439186
439195
439197
439199
439201
439213
439216
439224
439230
439242
439246
439260
439262
439280
439281
439302
439312
439336
439353
439375
439378
439398
439456
439507
439524
439525
439531
439533
439693
439709
439756
439764
439924
440005
440015
440033
440080
440235
440317
440549
440723
440917
440936
440995
441036
441074
441080
441129
441130
441133
441140
441193
441199
441207
441233
441243
441244
441276
441278
441290
441300
441308
441313
441314
441325
441326
441333
441334
441335
441336
441337
441338
441345
441346
441347
441348
441350
441351
441358
441361
441375
441383
441384
441386
441401
441404
441406
441409
441411
441412
441414
441457
441476
441891
441921
442089
442424
442428
442534
442793
443013
443048
443101
443289
443324
443363
443376
443385
443400
443445
443495
443663
443754
443867
443869
443872
443878
443879
443884
443894
443928
443936
443939
443951
443953
443955
443956
443967
443971
444000
444005
444008
444013
444020
444021
444022
444025
444031
444033
444036
444041
444063
444139
444170
444222
444266
444305
444507
444700
444732
444764
444795
444863
444879
444885
444899
444913
444972
445012
445063
445125
445154
445157
445212
445228
445283
445354
445355
445390
445454
445506
445514
445580
445638
445639
445643
445713
445770
445858
445892
445900
446067
446124
446139
446145
446157
446194
446209
446220
446240
446284
446355
446400
446541
446596
446598
446727
446925
446987
447043
447049
447102
447145
447216
447221
447241
447316
447345
447356
447454
447458
447569
447573
447715
447747
447865
447892
448013
448042
448124
448166
448183
448281
448293
448523
448533
448537
448545
448552
448601
448749
448763
448812
448820
449171
449193
449222
449369
449407
449459
449463
449646
449673
449685
449688
449698
449706
449752
449762
449812
450145
450173
450231
450349
450361
450460
450484
450503
450504
450510
450547
450601
450656
450772
450784
450825
451415
451417
451447
451448
451480
451490
451668
451670
452110
452261
452306
452548
452550
452938
452977
453618
454194
454216
455041
455658
456199
456362
456389
456390
456410
456557
456853
457193
457801
457928
460612
461399
461573
464205
465951
466151
467825
468595
468682
469584
469717
470375
471161
472335
475319
476861
477468
480764
483477
485454
487101
489181
491941
492405
493570
493591
501254
501391
502272
504457
513956
515328
516875
516892
516893
516949
516951
517045
517055
517321
517326
517348
517999
518696
519316
521874
522325
522688
531641
533728
534543
536683
540327
542762
546164
558519
565653
578771
591904
592735
604519
610479
616765
618110
619101
633091
633097
636362
636363
636371
636374
636377
636380
636402
636403
636424
636427
637497
637511
637568
637577
637863
637866
638024
638026
638034
638072
638340
638678
638793
639665
640429
641528
643684
643820
643975
643976
643985
643989
644006
644019
644025
644073
644077
644102
644241
656408
656515
656582
656583
656586
656601
656604
656631
656641
656646
656656
656657
656664
656665
656667
656668
656678
656685
656719
656757
656777
656804
656811
656822
656830
656832
656842
656846
656867
656913
656954
657180
657181
657237
657272
657290
657298
657302
657308
657309
657348
657349
660311
666418
667467
667476
667484
667490
667528
667550
667639
676454
688095
688272
688563
689043
699591
712932
721838
736776
737237
767567
801008
821362
826634
854019
854026
855908
941361
941651
948333
961320
969472
969516
972473
1008832
1122655
1201549
1237169
1275117
1324494
1349907
1383884
1471834
1519416
1520267
1530859
1547484
1548887
1548942
1548943
1548953
1548972
1549000
1549007
1549008
1549098
1549103
1549120
1549163
1550286
1615336
1712095
1718499
1738118
1740847
1794427
1893730
2032611
2059510
2060842
2723601
2723605
2723758
2723816
2723854
2723872
2723877
2723891
2723920
2723939
2724039
2724126
2724189
2724350
2724354
2724385
2724488
2725048
2733504
2733525
2733526
2733640
2733768
2733928
2734019
2734086
2734326
2735102
2735208
2735289
2759362
2760428
2761171
2762608
2776729
2815031
2825971
2826713
2826718
2826728
2826731
2829715
2843496
2867731
2877953
2888648
3000226
3000322
3000391
3000493
3000502
3000518
3000540
3000543
3000603
3000715
3000926
3001028
3001055
3001322
3001376
3002119
3002120
3002190
3002820
3002977
3003004
3003141
3003791
3005572
3005573
3007857
3007908
3008897
3009355
3010663
3010818
3011155
3013050
3014024
3014044
3015569
3015764
3015904
3016741
3018235
3018920
3020376
3022645
3025067
3025803
3025986
3028194
3031869
3031870
3032285
3032552
3032553
3032771
3033050
3033053
3033332
3033690
3033769
3033817
3033818
3033819
3033824
3033825
3033832
3033860
3033877
3033924
3033968
3034010
3034022
3034034
3034396
3034656
3035000
3035016
3035442
3035446
3035453
3035714
3035813
3035850
3036505
3036679
3036703
3036723
3036905
3037233
3038097
3038469
3038472
3038497
3038498
3038502
3038505
3038517
3038522
3038525
3045253
3045381
3047770
3047794
3047796
3052762
3052774
3052775
3052776
3055076
3055168
3055171
3058739
3062316
3067270
3078519
3080646
3080662
3080845
3080870
3080904
3080913
3081095
3081185
3081298
3081302
3081346
3081349
3081361
3081362
3081545
3081579
3081743
3081907
3081919
3081927
3082054
3082460
3082475
3082555
3082777
3083444
3083445
3083542
3083544
3083548
3083887
3084049
3084345
3084396
3085079
3085218
3086007
3086051
3086228
3086400
3086401
3086464
3086564
3086637
3086671
3086674
3089902
3113817
3232583
3246155
3246729
3280446
3323368
3328705
3342298
3421919
3423208
3423265
3434975
3477612
3492020
3541112
3549980
3571576
3613823
3641960
3678270
3740458
3768902
3977067
3978733
4069131
4077523
4096934
4118151
4128305
4147757
4194514
4298216
4327536
4329331
4363642
4369234
4369270
4369314
4369345
4369359
4369448
4369566
4407718
4409936
4448381
4457968
4469991
4473760
4525487
4555259
4631008
4643716
4659392
4659569
4660425
4677798
4687521
4793207
4988454
5018304
5083929
5102882
5113032
5128032
5150303
5222465
5245480
5270713
5270766
5273755
5273759
5274428
5274974
5277135
5279172
5280343
5280360
5280363
5280427
5280443
5280445
5280450
5280453
5280483
5280489
5280492
5280531
5280567
5280569
5280581
5280723
5280757
5280793
5280795
5280804
5280805
5280863
5280878
5280896
5280899
5280933
5280934
5280953
5280961
5280965
5280980
5281004
5281025
5281032
5281033
5281035
5281037
5281040
5281042
5281052
5281055
5281056
5281064
5281065
5281067
5281068
5281069
5281070
5281071
5281072
5281074
5281075
5281078
5281080
5281081
5281086
5281098
5281104
5281107
5281127
5281224
5281226
5281232
5281233
5281235
5281239
5281243
5281249
5281303
5281365
5281515
5281605
5281613
5281614
5281672
5281675
5281708
5281727
5281793
5281800
5281807
5281855
5281873
5281878
5281881
5281884
5281915
5282136
5282138
5282139
5282164
5282165
5282175
5282180
5282181
5282182
5282192
5282199
5282200
5282203
5282226
5282230
5282241
5282242
5282315
5282317
5282318
5282338
5282340
5282349
5282367
5282368
5282372
5282379
5282381
5282386
5282398
5282402
5282407
5282408
5282411
5282412
5282414
5282419
5282435
5282437
5282440
5282448
5282451
5282452
5282455
5282458
5282459
5282474
5282481
5282483
5282485
5282487
5282493
5282771
5282847
5283454
5283547
5283710
5283713
5283731
5283734
5283820
5284359
5284360
5284371
5284373
5284380
5284429
5284439
5284441
5284443
5284447
5284456
5284513
5284543
5284549
5284550
5284553
5284566
5284569
5284570
5284583
5284592
5284594
5284596
5284603
5284604
5284607
5284616
5284619
5284627
5284631
5284632
5287407
5287516
5287541
5287554
5287969
5287971
5288007
5288149
5288209
5288320
5288510
5288674
5288783
5288826
5289085
5289104
5289162
5289297
5289330
5289394
5289403
5289549
5293655
5309446
5310966
5310985
5310993
5311000
5311010
5311027
5311037
5311051
5311054
5311065
5311066
5311067
5311068
5311070
5311083
5311093
5311101
5311123
5311124
5311128
5311167
5311180
5311181
5311217
5311221
5311236
5311271
5311272
5311304
5311309
5311331
5311356
5311412
5311424
5311453
5311454
5311497
5311505
5311507
5312108
5312125
5312153
5315257
5315455
5315659
5318386
5318517
5318980
5318997
5318998
5321010
5322399
5323714
5324289
5324346
5326566
5326857
5326860
5327031
5327686
5327770
5328791
5328940
5329098
5329099
5329102
5330286
5330797
5337997
5338317
5351154
5351322
5351387
5351619
5352030
5352062
5352135
5352425
5353536
5353594
5353610
5353622
5353788
5353853
5353959
5354004
5354456
5354495
5354618
5355457
5356392
5357696
5359227
5359268
5359272
5359277
5359327
5359367
5359389
5359390
5359596
5359967
5360315
5360373
5360515
5360545
5360596
5360621
5360696
5360733
5360835
5361092
5361917
5361918
5362065
5362115
5362116
5362118
5362119
5362123
5362124
5362129
5362259
5362369
5362376
5362420
5362440
5362485
5362487
5362689
5369209
5370221
5374032
5374464
5375199
5375200
5376617
5384200
5388879
5388880
5388881
5388906
5388925
5388961
5388962
5388977
5388983
5388992
5388993
5447130
5459110
5459308
5459361
5459840
5460033
5460291
5460341
5460467
5460480
5460544
5460602
5460607
5461123
5461982
5462222
5462224
5462309
5462310
5462311
5462328
5462347
5462350
5462351
5462355
5462501
5462814
5463075
5464025
5464090
5464092
5464110
5464265
5464343
5468522
5469318
5472495
5474986
5479494
5479529
5479530
5479537
5479539
5481173
5481350
5481481
5481663
5484727
5485193
5485201
5486699
5486830
5486971
5487121
5487426
5487427
5487805
5488036
5488186
5488387
5488543
5488547
5488548
5489013
5489638
5489939
5491294
5492303
5492688
5492889
5493444
5493470
5494449
5496659
5497103
5497107
5497163
5702035
5702050
5702062
5702063
5702073
5702096
5702099
5702122
5702160
5702161
5702198
5702214
5702220
5702243
5702273
5702274
5702285
5702294
5702546
5702571
5702609
5708720
5712222
5714038
5717737
5742673
5742832
5743186
5745206
5745207
5745214
5746246
5746247
5748345
5748525
5813717
6021688
6026135
6070971
6093170
6093208
6093260
6096880
6096882
6096963
6098167
6099959
6100671
6101690
6101868
6102762
6102806
6102852
6145931
6178111
6321204
6321225
6321303
6321408
6321416
6321424
6323191
6323266
6323466
6324616
6326947
6326970
6328143
6328144
6328154
6328163
6328200
6330238
6331784
6334576
6335487
6335825
6335986
6336690
6337614
6364626
6367215
6372069
6376223
6398761
6398764
6398888
6398970
6410104
6419718
6419725
6419898
6419915
6419921
6419975
6420009
6420023
6420032
6420040
6420129
6420138
6420204
6426889
6432002
6432052
6432394
6432494
6432744
6433082
6433083
6433090
6433095
6433099
6433103
6433106
6433109
6433114
6433119
6433122
6433151
6433164
6433272
6433489
6433516
6434235
6435335
6435415
6435419
6435783
6435808
6435893
6435922
6435924
6435927
6436017
6436143
6436173
6436232
6436732
6437065
6437069
6437075
6437380
6437836
6437859
6437861
6437877
6438163
6438378
6438782
6438809
6438895
6439217
6439330
6439397
6439522
6440176
6440181
6440557
6440717
6440764
6441022
6441383
6442073
6442177
6442842
6443236
6444692
6445230
6445539
6445540
6445562
6445781
6445783
6449107
6449873
6449876
6450173
6450219
6450536
6450551
6450800
6450806
6450813
6450830
6450958
6451047
6451143
6451144
6451149
6451150
6451164
6451165
6451257
6451272
6453483
6453919
6456014
6456015
6473721
6473876
6473881
6474318
6474319
6474320
6474321
6474366
6475492
6476030
6476031
6477182
6477715
6479267
6480442
6480466
6483431
6505803
6506050
6506401
6507936
6509808
6509979
6526396
6533629
6536825
6536850
6536864
6536972
6539221
6540478
6540709
6552009
6602308
6603108
6603320
6603767
6603820
6604100
6604121
6604165
6604200
6604365
6604498
6604561
6604595
6610299
6708461
6708468
6712744
6713928
6713975
6714002
6842999
6850729
6850808
6851740
6852127
6852391
6852399
6857474
6857639
6857731
6857783
6861557
6861558
6870646
6912016
6912404
6912748
6913617
6914152
6914273
6914513
6914648
6914657
6914666
6915744
6915835
6915944
6917698
6917715
6917738
6917778
6917779
6917792
6917835
6917839
6917853
6917864
6917866
6917875
6917894
6917951
6917959
6917964
6917983
6917991
6918003
6918010
6918011
6918026
6918037
6918078
6918081
6918092
6918106
6918111
6918119
6918132
6918140
6918141
6918155
6918172
6918173
6918178
6918182
6918193
6918194
6918204
6918217
6918218
6918223
6918224
6918232
6918235
6918236
6918244
6918248
6918257
6918259
6918260
6918263
6918265
6918283
6918284
6918287
6918289
6918296
6918303
6918305
6918309
6918313
6918314
6918315
6918324
6918331
6918332
6918339
6918340
6918373
6918387
6918388
6918391
6918404
6918405
6918406
6918407
6918408
6918412
6918427
6918428
6918454
6918456
6918461
6918462
6918473
6918474
6918483
6918485
6918486
6918487
6918493
6918494
6918502
6918508
6918509
6918524
6918525
6918537
6918540
6918543
6918546
6918548
6918554
6918558
6918562
6918572
6918574
6918584
6918585
6918587
6918589
6918594
6918602
6918606
6918612
6918632
6918635
6918638
6918653
6918664
6918670
6918678
6918686
6918726
6918736
6918835
6918837
6918840
6918848
6918995
6925666
6950804
6957673
6971058
6992076
6992140
6992284
6992350
6992563
6992640
6992828
6993090
7009592
7009598
7009600
7009608
7009612
7010568
7015695
7016057
7016067
7016078
7016082
7016877
7019081
7019087
7019105
7020114
7020128
7020642
7021816
7043902
7045767
7048810
7058165
7058166
7059472
7067174
7074810
7289584
7359122
9543435
9547096
9547937
9547986
9547987
9548577
9548591
9548598
9548602
9548634
9548828
9549206
9549213
9549299
9550710
9552071
9552079
9552081
9554809
9556529
9560989
9561611
9561649
9562059
9568512
9568613
9568614
9568628
9568637
9570076
9570376
9570985
9571003
9571004
9571008
9571016
9571023
9571075
9571077
9571107
9571836
9574101
9574768
9576912
9576916
9577124
9577221
9577379
9578005
9578160
9588170
9600405
9601224
9601226
9604653
9690109
9793905
9793913
9793926
9793992
9794103
9794203
9794392
9794485
9795056
9795446
9795739
9795741
9795862
9796068
9796181
9796227
9796304
9796440
9796590
9797017
9797360
9797431
9797661
9798547
9798860
9799284
9799417
9799487
9799888
9800306
9800472
9800555
9800750
9800765
9801640
9802422
9802483
9802673
9803433
9803446
9803828
9803963
9804938
9804984
9804991
9804992
9805430
9805950
9806019
9806063
9806190
9807128
9807507
9808022
9808844
9808998
9809656
9810071
9810224
9810246
9810532
9810581
9810709
9810927
9810929
9810955
9811072
9811353
9811533
9811551
9811564
9811567
9811611
9811635
9811638
9811664
9811704
9811834
9811837
9812416
9812534
9812645
9812715
9813414
9815415
9815453
9815689
9815923
9816485
9816498
9816725
9816981
9817433
9817450
9818306
9818479
9818503
9818802
9819043
9820008
9820073
9820475
9820882
9821754
9821849
9821969
9822383
9822649
9822750
9823724
9823762
9823820
9823886
9824013
9824131
9824145
9826451
9826528
9826744
9827062
9827599
9827968
9828310
9828343
9828471
9828911
9829253
9829419
9829523
9829639
9830161
9830329
9830969
9831414
9831415
9831642
9831643
9831652
9831659
9831761
9831783
9831873
9831939
9832045
9832136
9832383
9832404
9832423
9832431
9832447
9832687
9832804
9832912
9833175
9833332
9833407
9833444
9833519
9833525
9833838
9833984
9834479
9835049
9835593
9836181
9837124
9837243
9837656
9837769
9837916
9838021
9838022
9838355
9838389
9838417
9838712
9838803
9838899
9838996
9839333
9839519
9839867
9839931
9840777
9841417
9841440
9841834
9841854
9841864
9842251
9842252
9842945
9843042
9843669
9843749
9843750
9843935
9843941
9844182
9844225
9844338
9844960
9845306
9845561
9845819
9846332
9846339
9846537
9847164
9847629
9847991
9848253
9848354
9848499
9848818
9848869
9849057
9849425
9849616
9849699
9849735
9849808
9850722
9851116
9852175
9852188
9852201
9852519
9852525
9852573
9852746
9852801
9852981
9853053
9853498
9853559
9853654
9853710
9854012
9854073
9854489
9854745
9855284
9855350
9859094
9859210
9859632
9860294
9860341
9862248
9862638
9862936
9862937
9863332
9863341
9863672
9863827
9864669
9864881
9865375
9865384
9865442
9865515
9865528
9865554
9867361
9867642
9867758
9867812
9868037
9868491
9868902
9868980
9869105
9869229
9869857
9869877
9869929
9870009
9870184
9870520
9870652
9870815
9870843
9871074
9871375
9871419
9871420
9872609
9872620
9872780
9873129
9873754
9874151
9874248
9874560
9874591
9874592
9874874
9874913
9875280
9875401
9875671
9875746
9876235
9876321
9876393
9876522
9876812
9876867
9877168
9877229
9877265
9878109
9878913
9881244
9881504
9882105
9882189
9883029
9883132
9883501
9883915
9883933
9884029
9884233
9884366
9884642
9884807
9884876
9885245
9885841
9886081
9886134
9886143
9886917
9887053
9887054
9887102
9887472
9887712
9887755
9887812
9887933
9888484
9889104
9889200
9889366
9890801
9890879
9892071
9892288
9892481
9892792
9892976
9893171
9893228
9893453
9893658
9894204
9894205
9895066
9895264
9895468
9895694
9895847
9896260
9896267
9896434
9897015
9897305
9897697
9898279
9898619
9901946
9902638
9903419
9903778
9904203
9904236
9904502
9904746
9905405
9906942
9907289
9907842
9908035
9908251
9908684
9908810
9908834
9908900
9909912
9910098
9910224
9910486
9910902
9910986
9911469
9911482
9911502
9911821
9911830
9912519
9912771
9912992
9913401
9913767
9913881
9914062
9914614
9914857
9915131
9915743
9915886
9916009
9916058
9916237
9916325
9916461
9916632
9916697
9917013
9917021
9917079
9917662
9917862
9917944
9917968
9917980
9918381
9918559
9918581
9918645
9918693
9918734
9918819
9918881
9919001
9919429
9919490
9919680
9919857
9919910
9919942
9920365
9920716
9922740
9924495
9925482
9926325
9926791
9926832
9927346
9927978
9929731
9929901
9930048
9930049
9930560
9930827
9931953
9931954
9932595
9933004
9933439
9933475
9934746
9935073
9935639
9935681
9935793
9936388
9936489
9936745
9936746
9937291
9937618
9938420
9938610
9938701
9938840
9938933
9939040
9939609
9939865
9939892
9940097
9940214
9940805
9940864
9941095
9941306
9941379
9941444
9941638
9941750
9941957
9942071
9942657
9942725
9947999
9948102
9949641
9949814
9950244
9951059
9951066
9952125
9952773
9952884
9952916
9953064
9953065
9954033
9954530
9954941
9954944
9955116
9955534
9955977
9956146
9956726
9958103
9958880
9959752
9960285
9960389
9960701
9961017
9961205
9961434
9961469
9961878
9961920
9962077
9962298
9962571
9962735
9962795
9962982
9963056
9963148
9964657
9966051
9971980
9976892
9978917
9981404
9996409
10000860
10005966
10008657
10013505
10016012
10016910
10025615
10026128
10029385
10033875
10034060
10034073
10037021
10037425
10041070
10044423
10045387
10048368
10048892
10052040
10056071
10060720
10064708
10066813
10068465
10071196
10072345
10073773
10074640
10077129
10077130
10083297
10089466
10090485
10090750
10091392
10095005
10095659
10096344
10101269
10107393
10110023
10112191
10113978
10116877
10117987
10125785
10127315
10127622
10129877
10130337
10131000
10131048
10133920
10137573
10138259
10146049
10147142
10149052
10150081
10152654
10153079
10153627
10155135
10158453
10160238
10161380
10161381
10171240
10171487
10172827
10173277
10174045
10174505
10176082
10176265
10176487
10176607
10176749
10176764
10178705
10181594
10181733
10182969
10184653
10184665
10184937
10186184
10188853
10192617
10195250
10195666
10197600
10197817
10199068
10200813
10201696
10207484
10214423
10216431
10218693
10219163
10219504
10220277
10220323
10220503
10220516
10220941
10221200
10221267
10224267
10224595
10229498
10236037
10245972
10246762
10251042
10252009
10252640
10253143
10255695
10257882
10260031
10262870
10274777
10275777
10277800
10278470
10279357
10280735
10286159
10286834
10287099
10288191
10290809
10290811
10294813
10295295
10296883
10297043
10297443
10297982
10298385
10299876
10300874
10302451
10303232
10304061
10306739
10309114
10309482
10309899
10311306
10313457
10316203
10322579
10324367
10326858
10327332
10331844
10331863
10335364
10339178
10341154
10342449
10343454
10344820
10345213
10345214
10348691
10348973
10349032
10351433
10352692
10353878
10360713
10365268
10366136
10368812
10369242
10372836
10373441
10380472
10382701
10387485
10401972
10407120
10408902
10409068
10412080
10412535
10427712
10429215
10429242
10430360
10430623
10432339
10433653
10434320
10435632
10437018
10437763
10445549
10450387
10452732
10453870
10457387
10458325
10459564
10460379
10460535
10461508
10464056
10464762
10472693
10473088
10477896
10479502
10482134
10501053
10629256
10634426
10672195
10687441
10695961
10718956
10750432
10772467
10798271
10820564
10838895
10869981
10897651
10898559
10899264
10909430
10945497
10950142
10953556
10958914
10966681
10975657
10993211
10997650
11000870
11001318
11003810
11051564
11065133
11072012
11074431
11104750
11116555
11133125
11145493
11151778
11152667
11154544
11154555
11154925
11155873
11155874
11156438
11156648
11158972
11159621
11161474
11167602
11169170
11170166
11170867
11174599
11175137
11178236
11178958
11179459
11180124
11180808
11186829
11188409
11192477
11192585
11198924
11199337
11199742
11203271
11204019
11204635
11210478
11212252
11213961
11215055
11217901
11219835
11223423
11224409
11226090
11226834
11227182
11227325
11229634
11234049
11234052
11234794
11236066
11236126
11236560
11237762
11237860
11237985
11238512
11239948
11241908
11242315
11243969
11244031
11248490
11249342
11249539
11249932
11250029
11250647
11253490
11256560
11256587
11256664
11256720
11263722
11266244
11269353
11272610
11274333
11274356
11277418
11281011
11282283
11284169
11285001
11285588
11285791
11285792
11286005
11286230
11286546
11290583
11292191
11292933
11296583
11300005
11300448
11304743
11305985
11306690
11306691
11313622
11315474
11317439
11318905
11319053
11319217
11326715
11328898
11329481
11338033
11338127
11338749
11340891
11347535
11349170
11350701
11350913
11351021
11354606
11354874
11358077
11358855
11359451
11363176
11364421
11365087
11370864
11371290
11372270
11376392
11377022
11377191
11377266
11378094
11380684
11387409
11387605
11387895
11388331
11388332
11389533
11394238
11395145
11396600
11397521
11398092
11399764
11400413
11404337
11405965
11414799
11417567
11417954
11418570
11422859
11425584
11427553
11430856
11431660
11431811
11432307
11434515
11438308
11438771
11442891
11445193
11450633
11452395
11452716
11455973
11462174
11465163
11465618
11465695
11467402
11467403
11469444
11473982
11476460
11477084
11477442
11478371
11478676
11479259
11479991
11481862
11485656
11488320
11491176
11492761
11494412
11497983
11498153
11498596
11498853
11498917
11499245
11500504
11501341
11502996
11504295
11505444
11508736
11511120
11513676
11513721
11514263
11515480
11516136
11517248
11518241
11518839
11519069
11519070
11519397
11519741
11520894
11521821
11521822
11522448
11524127
11524766
11525088
11525116
11525740
11525765
11526038
11526696
11527330
11527495
11527519
11527774
11528435
11528958
11529985
11531643
11532289
11532464
11533060
11533362
11534823
11535990
11538455
11539025
11539477
11540687
11541511
11542414
11545920
11546664
11547499
11547978
11548455
11548630
11551689
11552485
11552706
11553369
11554973
11554979
11556075
11556427
11556711
11557040
11560224
11561383
11561674
11563925
11564052
11564168
11567064
11567473
11567474
11567682
11568059
11569786
11569967
11570626
11570805
11570943
11577725
11578213
11579379
11580361
11581230
11581936
11582982
11583008
11583399
11583880
11586434
11586912
11587892
11591339
11591741
11592228
11592352
11596613
11597355
11597537
11597697
11597698
11599548
11601669
11607225
11607299
11607546
11607738
11609586
11609955
11610526
11610599
11611800
11616111
11618268
11618368
11619093
11619164
11622197
11623906
11624852
11625114
11625386
11625818
11626384
11626560
11627443
11633038
11634458
11634973
11635371
11635624
11635763
11638255
11640390
11640916
11641449
11641515
11644097
11644726
11646432
11646777
11647372
11648276
11650748
11650937
11653565
11655511
11656518
11658860
11660296
11660398
11662028
11662986
11667832
11667893
11670435
11671467
11672005
11672431
11672491
11672494
11673085
11675994
11677589
11678534
11679357
11679580
11679660
11679800
11682175
11682800
11683005
11683556
11685945
11686295
11687907
11688894
11689883
11690019
11691242
11691484
11691495
11691726
11693521
11696868
11697676
11697697
11700696
11701939
11703255
11705034
11705476
11707110
11708365
11711114
11711522
11712649
11713505
11714580
11717074
11719003
11720242
11721842
11723200
11735696
11740218
11749858
11750009
11751549
11751922
11753159
11753673
11755033
11756356
11764719
11766628
11784937
11787804
11789360
11822705
11828839
11842604
11842633
11844916
11845944
11848225
11856170
11857239
11865407
11948288
11948701
11949633
11949646
11949652
11949660
11950170
11950726
11952856
11953153
11953346
11953348
11953367
11953895
11953897
11954008
11954009
11954171
11954232
11954234
11954236
11954252
11954257
11954258
11954316
11954322
11954341
11954344
11954369
11954384
11954386
11955716
11955738
11955855
11956159
11956289
11957499
11957572
11957647
11957688
11957714
11958147
11960271
11960529
11961293
11962412
11962616
11963617
11963742
11965427
11965767
11967809
11968014
11970251
11972243
11973707
11973736
11973780
11977455
11977753
11977989
11978813
11979316
11979418
11979494
11979535
11979606
11979741
11979774
11979781
11980076
11982821
11982961
11983193
11984561
11984562
11984587
11984597
11984819
11987802
11988953
11989721
11990828
11993702
11993740
11993742
11995990
11998575
11998655
12000240
12000797
12004141
12004146
12004316
12041444
12043008
12047567
12049111
12051328
12068809
12069231
12073810
12082259
12093171
12106168
12110762
12115739
12136798
12164856
12210218
12219623
12303662
12303780
12303982
12306081
12309449
12309456
12310714
12310716
12313247
12313707
12358706
12358724
12358971
12358972
12359166
12598310
12714644
12814873
12814875
12821051
12879827
12880061
12991104
13018787
13020033
13020083
13034936
13052632
13068345
13290219
13422623
13444038
13477019
13559281
13584912
13715114
13879965
13884348
13919048
13943286
13960349
14009404
14017587
14030006
14049689
14178874
14228836
14240392
14257662
14293713
14299174
14304554
14409732
14497139
14539800
14580381
14581826
14598502
14720269
14724482
14752829
14772514
14788250
15008962
15057790
15155596
15251064
15251598
15345559
15378998
15388578
15479177
15480750
15518147
15547703
15558383
15575651
15593907
15604015
15604510
15605151
15605154
15606276
15606394
15608515
15633961
15710945
15775272
15814656
15825458
15895902
15938971
15938972
15940251
15940949
15942005
15942041
15942270
15942658
15942827
15945857
15945880
15947669
15949100
15949539
15950366
15950376
15950717
15950755
15950826
15950844
15951194
15951505
15951529
15953900
15978575
15978579
15979284
15979285
15981237
15981397
15983287
15983966
15983988
15984937
15985904
15991542
16004692
16005981
16006490
16007088
16007391
16007392
16007393
16019977
16034857
16037656
16038386
16039797
16040217
16040291
16040521
16041424
16041426
16042541
16043221
16045195
16045365
16046056
16046067
16046068
16046677
16047979
16048422
16048656
16049404
16051930
16051935
16051948
16051951
16052011
16056828
16058631
16058752
16061448
16061509
16063245
16063568
16065403
16066663
16069304
16070004
16070018
16070111
16071605
16072155
16076883
16079006
16081028
16088020
16088021
16088030
16090858
16095349
16097729
16099592
16102897
16109663
16113195
16117309
16118392
16119082
16119086
16119813
16119814
16122509
16122561
16122663
16122802
16122910
16123056
16124208
16124688
16126651
16126898
16126905
16129483
16129617
16129665
16129666
16129674
16129681
16129703
16129704
16129706
16129708
16129778
16130199
16130295
16130571
16130642
16130644
16130933
16130957
16131039
16131138
16131215
16131310
16131445
16131446
16132030
16132173
16132243
16132265
16132283
16132300
16132307
16132315
16132341
16132344
16132350
16132353
16132416
16132418
16132430
16132438
16132914
16133802
16133812
16133831
16133832
16133850
16134081
16134395
16134409
16134627
16134956
16135076
16135415
16135499
16135625
16136245
16136701
16136912
16137271
16137348
16137672
16137682
16137828
16138701
16139605
16140499
16141649
16143379
16144019
16149436
16152467
16154396
16155604
16156006
16156223
16157840
16158103
16158207
16158208
16158367
16158445
16158472
16162108
16162116
16179407
16186010
16186200
16186213
16186350
16197323
16197433
16197727
16198321
16198951
16202132
16202212
16202213
16203738
16203739
16204922
16207730
16208013
16209124
16211024
16211032
16211258
16211496
16211709
16211746
16211931
16212738
16212950
16213022
16213095
16213538
16213540
16213872
16213884
16214485
16214793
16214875
16217247
16218860
16219171
16219334
16219365
16219534
16219577
16219709
16219760
16219912
16220016
16220172
16220188
16220212
16221816
16222096
16223405
16223963
16225380
16395294
16396458
16399351
16401962
16487116
16654980
16656685
16656889
16659285
16659778
16659841
16662425
16662431
16662948
16666708
16666733
16667669
16678086
16678941
16679091
16681432
16681698
16683012
16683018
16686083
16686147
16718566
16718568
16718576
16719049
16719220
16719221
16720766
16720869
16721125
16722836
16725726
16727411
16734800
16734914
16735405
16736529
16736978
16737446
16737780
16738693
16739244
16739326
16739648
16739650
16744283
16745880
16745944
16746891
16747683
16750059
16750133
16750138
16750271
16755143
16755766
16757521
16757572
16757820
16758209
16758220
16759173
16759603
16760207
16760285
16760369
16760467
16760517
16760629
16760658
16760691
16760703
16781824
17039400
17388989
17396988
17571789
17684448
17747012
17747046
17747460
17750227
17751090
17754356
17754438
17755050
17755052
17755248
17756656
17989467
18177388
18218187
18218189
18218203
18218211
18218213
18218218
18218219
18218220
18218221
18218222
18218247
18219930
18220973
18222771
18222850
18222907
18223637
18223958
18359651
18375622
18376177
18411385
18432427
18435899
18442052
18456839
18530344
18531002
18541918
18601084
18604758
18687754
18714863
18730697
18738120
18772449
18870913
18985873
19205771
19371515
19582717
19692283
19762193
19851629
20054870
20054959
20055008
20055083
20055400
20055460
20055472
20055509
20111867
20112022
20629114
20751579
20833257
20838499
20839521
20846247
21037713
21071390
21078079
21078080
21091324
21101227
21117946
21121222
21121303
21122811
21123000
21128746
21133161
21133880
21140781
21144069
21146529
21155482
21155870
21158511
21158548
21195079
21285367
21285384
21285386
21302490
21348957
21471201
21581131
21585658
21627865
21628493
21634730
21761708
21763506
21863217
21863274
21864560
21867111
21867765
21873177
21874557
21888462
21897103
21909502
21942368
21944094
21968346
22024915
22049997
22053264
22058225
22143221
22278920
22283799
22341014
22419519
22559109
22591684
22596859
22617237
22707787
22814120
22833499
22833874
22842095
22844667
22887897
22929978
22935677
23063810
23083748
23106477
23116321
23144079
23144148
23201029
23231644
23276238
23277164
23391118
23394557
23526798
23581798
23581846
23581869
23582365
23582412
23582824
23582846
23616699
23616740
23617235
23618328
23622962
23624207
23627196
23627211
23628017
23628250
23630026
23633418
23633604
23633673
23634419
23634441
23635314
23642298
23642301
23643975
23644586
23648966
23649154
23649181
23649245
23649345
23649427
23650961
23651142
23651551
23652731
23653175
23653517
23653540
23653552
23653789
23654987
23656594
23656870
23657720
23657721
23658607
23661379
23662274
23662349
23662354
23663126
23663400
23663403
23663404
23663407
23663409
23663413
23663414
23663870
23663939
23663942
23663953
23663956
23663962
23663963
23663964
23663973
23663979
23663982
23663985
23663991
23663994
23663996
23664709
23664773
23665101
23665410
23665584
23665591
23665637
23665721
23665760
23665772
23666105
23666110
23666112
23666118
23666409
23666456
23666711
23666879
23667300
23667548
23667620
23667628
23667629
23667634
23667642
23668193
23668196
23668479
23668603
23668620
23668817
23668834
23669229
23669322
23669636
23669770
23669833
23669954
23670318
23670359
23671691
23672064
23672301
23672308
23672582
23672589
23672955
23673460
23673593
23673837
23674183
23674495
23674512
23674541
23674730
23674889
23675004
23675320
23675322
23675763
23675786
23676143
23676225
23676755
23676814
23678371
23678798
23679441
23679527
23680518
23680530
23680578
23681059
23681107
23681127
23681129
23681132
23681217
23681451
23682187
23682309
23684339
23684815
23684902
23686432
23687516
23687519
23687712
23689036
23689119
23690315
23690424
23690433
23690443
23690531
23692466
23693301
23694214
23694739
23694889
23695837
23695841
23695964
23696284
23696523
23696998
23697158
23697683
23699544
23699637
23700083
23701513
23701796
23702788
23702994
23703374
23705736
23706210
23706211
23706212
23709079
23709380
23709629
23713799
23713921
23715082
23717929
23718384
23718927
23724537
23724843
23724874
23724878
23724881
23724913
23724914
23724940
23724967
23724985
23724988
23725028
23725048
23725083
23725423
23725625
23726043
23726891
23727689
23728926
23729157
23729232
23730084
23730143
23983771
24112890
24178422
24181126
24181457
24181945
24191214
24197860
24212194
24229587
24729239
24737629
24737642
24737673
24737742
24737828
24738462
24743471
24743758
24743936
24744226
24744336
24745335
24748204
24748496
24748573
24749700
24751752
24754241
24754472
24755620
24756034
24756910
24762165
24762196
24764414
24764487
24765256
24765479
24767976
24768529
24768536
24768591
24768935
24769037
24769759
24770445
24770514
24771321
24771368
24771580
24771824
24771867
24772106
24772165
24772484
24775005
24776445
24776466
24779724
24779745
24780387
24780598
24783652
24785538
24785689
24785956
24786555
24788740
24791027
24794418
24794466
24795069
24795070
24795088
24798764
24798775
24800541
24801690
24801861
24802841
24804376
24804878
24806574
24812732
24812758
24812808
24815904
24821094
24822371
24823649
24824703
24825740
24826799
24828759
24828760
24831714
24832061
24836810
24836820
24838310
24839546
24839622
24839733
24840667
24840908
24847757
24847771
24847800
24847804
24847817
24847884
24847893
24847942
24847953
24847988
24848049
24848068
24848107
24848114
24848164
24848279
24848788
24851355
24853505
24855751
24856436
24857286
24857397
24858429
24863084
24864125
24864132
24864553
24864821
24866733
24872560
24872952
24873435
24875259
24875298
24875372
24875489
24883432
24883460
24883467
24889392
24892716
24892726
24892769
24894654
24895172
24898306
24898732
24900259
24905401
24906252
24936221
24944097
24944913
24946280
24946690
24946920
24955007
24956525
24956885
24958200
24963252
24963293
24963749
24964624
24964679
24965990
24967599
24969622
24970412
24971461
24971464
24978514
24978538
24978548
24978585
24983461
24986635
24986824
24986999
24987688
24987875
24988201
24988881
24988948
24989762
24994634
24995524
24996872
24997615
24999143
25006684
25008120
25008296
25008769
25009213
25010642
25010737
25010738
25014511
25014653
25014811
25017411
25019940
25022182
25022340
25022354
25022378
25023695
25024769
25025298
25025505
25027363
25031637
25031915
25033539
25051804
25052023
25052183
25052519
25052630
25058126
25058197
25058199
25058200
25058417
25058418
25061466
25061501
25062766
25063260
25065981
25066467
25067411
25067547
25069722
25070031
25070695
25073775
25074469
25074470
25074887
25075996
25077405
25077438
25077495
25077993
25078429
25079036
25079425
25080282
25080293
25084011
25084484
25084501
25085165
25085173
25086585
25087143
25087507
25088483
25091062
25096873
25099089
25099150
25099191
25101874
25102787
25102846
25102847
25103750
25104045
25105689
25108829
25109292
25110841
25113562
25114442
25115967
25116064
25117126
25117248
25117347
25118925
25125217
25125529
25126798
25127112
25127152
25127519
25127713
25128145
25134193
25134303
25134325
25134326
25134692
25134754
25136944
25137844
25137901
25138363
25141092
25143624
25145077
25145656
25147644
25147683
25150855
25151352
25151504
25154713
25154714
25161177
25163972
25166913
25167017
25167777
25167947
25168442
25170420
25171648
25177971
25181321
25181472
25181577
25182860
25183380
25183872
25184035
25184541
25190990
25191001
25194767
25195354
25195461
25195495
25195624
25199905
25203894
25204767
25208163
25208970
25209437
25210792
25212148
25215428
25217741
25220910
25221108
25221720
25222171
25227436
25227462
25229525
25229652
25230266
25230467
25230468
25231507
25232582
25235269
25235800
25240297
25241709
25242323
25242512
25244225
25246321
25253377
25254071
25255736
25257557
25259372
25262792
25262965
25267009
25270086
25271580
25400580
28125489
28492988
28962087
29927120
29976098
35278396
36689671
38347030
40637217
40924317
42066809
42066898
42555970
42600375
42601552
42602622
42603008
42606390
42608431
42609709
42609849
42610386
42610387
42611099
42611257
42613186
42622571
42622929
42624346
42625544
42626838
42627031
42628074
42629124
42630121
42630569
42635918
42636350
42636391
42636651
42638236
42639643
42640739
42641861
42641863
42642200
42642645
42642648
42642654
42647276
43558273
43833377
43834305
43835034
43835320
43835846
44123754
44126305
44128157
44129176
44129647
44129648
44134639
44134647
44134730
44134819
44134852
44135711
44137675
44137686
44137813
44137946
44138100
44139752
44144774
44145344
44146351
44146842
44147212
44148067
44148932
44149306
44149770
44151255
44151751
44152182
44152565
44153236
44153906
44154280
44156901
44156921
44176358
44176380
44177328
44177671
44178354
44181686
44181731
44181971
44182295
44182376
44182694
44183569
44183922
44187362
44187367
44193830
44194024
44194961
44195571
44195703
44199317
44200882
44201003
44201334
44201346
44201350
44205191
44205240
44208928
44217246
44219292
44224257
44224276
44225656
44229378
44230999
44231848
44232529
44232546
44232548
44238058
44241743
44242317
44247568
44247677
44247724
44247727
44250206
44250551
44251605
44251769
44253415
44260104
44264589
44269451
44286042
44286993
44298493
44298592
44320150
44324956
44326612
44356648
44384985
44390976
44393497
44399170
44402564
44405442
44408087
44415057
44424639
44424838
44428550
44449087
44454750
44460192
44462738
44462739
44462758
44462760
44463769
44467542
44467821
44468216
44469321
44470103
44472635
44473150
44473151
44473425
44475014
44475103
44479007
44480399
44481866
44482551
44482554
44511587
44513225
44513473
44515973
44516271
44516822
44516953
44517831
44519124
44520175
44537841
44537963
44539266
44540045
44543415
44543970
44545778
44548240
44550597
44552607
44553225
44554865
44556044
44556193
44557636
44564107
44566111
44568939
44569273
44569759
44573417
44582816
44585614
44591583
44595079
44595848
44596273
44598960
44599207
44599690
44599828
44602493
44603336
44603362
44603531
44603533
44608229
44608289
44609731
44610678
44610694
44620959
44623937
44623946
44623998
44624336
44625560
44626120
44628955
44629416
44629587
44629863
44629935
44630173
44631890
44631912
44631938
44632368
44633765
44724350
44814409
44814423
44815683
45028345
45055432
45098889
45100669
45101433
45102284
45107289
45107359
45107712
45109868
45110509
45110932
45111332
45138527
45138674
45138699
45139106
45157423
45205616
45259013
45259014
45263445
45266826
45268440
45270144
45275360
45275554
45280820
45356935
45356963
45357473
45357887
45358052
45358055
45358840
45358869
45375808
45375887
45375953
45378044
45378170
45380979
45381533
45381907
45382195
45480413
45480520
45489777
45588096
45789647
45833762
45933924
45934466
46173033
46174086
46174092
46174111
46174129
46174140
46174144
46174145
46174453
46174641
46175184
46179632
46181428
46184405
46184986
46186926
46188928
46189893
46189894
46191454
46191477
46195331
46196517
46196540
46198579
46199646
46200812
46200932
46200994
46202416
46203139
46203710
46207586
46207731
46207733
46207957
46208366
46208367
46208720
46209133
46209574
46212391
46212394
46212971
46213922
46213929
46214930
46215462
46215799
46215800
46216142
46216556
46216796
46220467
46220502
46220503
46220541
46221695
46224413
46225600
46236251
46239015
46240797
46241268
46244454
46245047
46398805
46700744
46700756
46700761
46700774
46700777
46700778
46700782
46782588
46783232
46783244
46783370
46783598
46783729
46783812
46830962
46831287
46832368
46832503
46833780
46834118
46836099
46836227
46836890
46839926
46840946
46841648
46841787
46842948
46843056
46843057
46847262
46848036
46848915
46850046
46851313
46851625
46853593
46853700
46854987
46861564
46861578
46861612
46861622
46861623
46861711
46864000
46864308
46866319
46866715
46869123
46870009
46871657
46871935
46871946
46874763
46878575
46880558
46882308
46883536
46883775
46884921
46886319
46892186
46892373
46893585
46893933
46894104
46897866
46898058
46902081
46906035
46908927
46908929
46909353
46909666
46910592
46911781
46911863
46911937
46912230
46915024
46916274
46916694
46917099
46917559
46917793
46926348
46926350
46926360
46926699
46926878
46926973
46927777
46928007
46929800
46929961
46930991
46930996
46930997
46930999
46937352
46940575
46943432
46944243
46944259
46947264
49763030
49764848
49765254
49765424
49765785
49779393
49783923
49784002
49784084
49784945
49787136
49787172
49787490
49789086
49792850
49792852
49799997
49800006
49800068
49800073
49800096
49800097
49801838
49802052
49802864
49803145
49803313
49806720
49820522
49820554
49821690
49831257
49831411
49834265
49835963
49835993
49836020
49836057
49836058
49836093
49837869
49837938
49837968
49838259
49839478
49839871
49840531
49840582
49841217
49843471
49843517
49843901
49846579
49846599
49848070
49852291
49853967
49855240
49855250
49855308
49856296
49857317
49867930
49867935
49867936
49870909
49871007
49871869
49871973
50899324
50899470
50902259
50905713
50911934
50914062
50914801
50914822
50915138
50919618
50922675
50922680
50922681
50922691
50923862
50925403
50937472
50939297
50940514
50985821
50990896
50991753
50992433
50992434
51001696
51001932
51003457
51030730
51030870
51030988
51033608
51036475
51037069
51038269
51038315
51038316
51039030
51039094
51039095
51039100
51039119
51041322
51042438
51049968
51049972
51049992
51049993
51050002
51051629
51051761
51051762
51052074
51059404
51063134
51066577
51136229
51340929
51346455
51346595
51347395
51349053
51349239
51352361
51352628
51353551
51397006
51397021
51397976
52911611
52912218
52913198
52913524
52913813
52914048
52914971
52916803
52918379
52918380
52918381
52918382
52918384
52918385
52918888
52919121
52920501
52934180
52936034
52938427
52939461
52939580
52940549
52947354
52949124
52950901
52951810
52974246
52987763
53229984
53230022
53232379
53234134
53235510
53236401
53239799
53240376
53240420
53241828
53243932
53245638
53245946
53246986
53247304
53247390
53251506
53252276
53252333
53253137
53258570
53259022
53262281
53262401
53297457
53297473
53302368
53303762
53307207
53308655
53308741
53311393
53312127
53316710
53318025
53318955
53323381
53330936
53340426
53340666
53340771
53342522
53342708
53354764
53354790
53357478
53357800
53358942
53359074
53361968
53362094
53362096
53364429
53373584
53373585
53374467
53377576
53378151
53378893
53379371
53379646
53380437
53384370
53384635
53385488
53387034
53387035
53389120
53389723
53394043
53394576
53394792
53394824
53396306
53399078
53432481
53438230
53461729
53464642
53465279
53466958
53472683
53474619
53476877
53477157
53477580
53481793
53486260
53486385
53487903
53492727
53497429
53627486
53627695
53629521
53630042
53630253
53630515
53716604
53827958
53962049
53990323
54029194
54097206
54104351
54222687
54274194
54556623
54575171
54575322
54575456
54576073
54576299
54576693
54579921
54592163
54597188
54599312
54605501
54605677
54605730
54611634
54612642
54613017
54669979
54670067
54670351
54671008
54671203
54671408
54673176
54674461
54675769
54675776
54675783
54675785
54675840
54675850
54675858
54676228
54676537
54676538
54676860
54677470
54677674
54677946
54677971
54677977
54678486
54678924
54679076
54679224
54680690
54680692
54680693
54681072
54681908
54682040
54682045
54682461
54682876
54684141
54684461
54684599
54684617
54685047
54685920
54685925
54686183
54686350
54686764
54686898
54686904
54688261
54690031
54692967
54692995
54695529
54697325
54697648
54704426
54705095
54707177
54708673
54710630
54713166
54713659
54715158
54718618
54718859
54726191
54726192
54726193
54728557
54729367
54732242
54736666
54740489
54741842
54751181
54751657
54755438
54758501
54759275
54759694
54760385
54761306
54763513
54765967
54766013
54766613
54767229
54767257
54767916
54768846
56591871
56594927
56599306
56605008
56626462
56639723
56640146
56643075
56644482
56644522
56645576
56649281
56649286
56649297
56649347
56649444
56649447
56649450
56649692
56655833
56669626
56776542
56828180
56832738
56833311
56835788
56837137
56837361
56838871
56839178
56840781
56840904
56840962
56841018
56841020
56841043
56841051
56841116
56841124
56841156
56841406
56841493
56841552
56841570
56841571
56841573
56841581
56841626
56841629
56841655
56841660
56841665
56841671
56841699
56841713
56841751
56841753
56841756
56841808
56841820
56841824
56841869
56841909
56841910
56841946
56841980
56841981
56841982
56841986
56841998
56841999
56842029
56842041
56842069
56842076
56842078
56842107
56842108
56842109
56842124
56842139
56842143
56842155
56842157
56842162
56842185
56842195
56842198
56842207
56842208
56842229
56842233
56842239
56843157
56843241
56843275
56843276
56843277
56843330
56843331
56843333
56843375
56843466
56843503
56843747
56843791
56843850
56843903
56844015
56846361
56846693
56847547
56847587
56848985
56927674
56927879
56927919
56928060
56928182
56928187
56928390
56931136
56932509
56933206
56935577
56941241
56942426
56944144
56944639
56944705
56945146
56947515
56948249
56948407
56949327
56949517
56950369
56950933
56951714
56951717
56951871
56952080
56955396
56955434
56959086
56959087
56959560
56960363
56960447
56960912
56961879
56962369
56963011
56968075
56972143
56973712
57173257
57320831
57327011
57327016
57327017
57331386
57331749
57334219
57335384
57336276
57336523
57336745
57336747
57336782
57339223
57339238
57339412
57339424
57339444
57339445
57339446
57339460
57340959
57341282
57345410
57345449
57345804
57345941
57347797
57349413
57349791
57350027
57353643
57355660
57369604
57377410
57378005
57379345
57380301
57380530
57382526
57383390
57383951
57383977
57384863
57389999
57390074
57391708
57392015
57396865
57404290
57406853
57410862
57411069
57412325
57413968
57417355
57443610
57459433
57465250
57466929
57473071
57495353
57496611
57503849
57514051
57514685
57515985
57516016
57519700
57519748
57520598
57524523
57582353
57616470
57654311
57654476
57662985
57682490
57686716
57713852
57748689
57751161
57770545
57775240
57775559
57788271
57809036
57827330
57855696
57910975
57920094
57928403
57964460
57990869
58029842
58031952
58074180
58076382
58078320
58111426
58119034
58185197
58212050
58235984
58265877
58266779
58282870
58291210
58298316
58298318
58310140
58326208
58406326
58406357
58423153
58438464
58442344
58460047
58496428
58507717
58516166
58557659
58561243
58573469
58689743
58819022
58841138
58855793
58924680
58974612
59054565
59055739
59142777
59174488
59215954
59232326
59239165
59251511
59259095
59259225
59275404
59277581
59286554
59311377
59311617
59317190
59336911
59350242
59351313
59394698
59404585
59422203
59443782
59448236
59472121
59473233
59490160
59509752
59534142
59534386
59543597
59568713
59603622
59634741
59657596
59707743
59757974
60143283
60143346
60143882
60144367
60145923
60148384
60148395
60148401
60148468
60148469
60148493
60150535
60150609
60151477
60151560
60151939
60152109
60152613
60160600
60162270
60164925
60165029
60172240
60194098
60194102
60195662
60196271
60196280
60196341
60196358
60196398
60199241
60199242
60202647
60356606
62707662
66509063
66548125
66548316
66550324
66550890
66553154
66553195
66555680
66555816
66558664
66561902
66563540
66563688
66571003
66571548
66571643
66574564
66576257
66576990
66577010
66577023
66577029
66577041
66577114
66577443
66580799
66586232
66587064
66598080
66599893
66600935
66601502
66610682
66624888
66625329
66625981
66662059
66669778
66679661
66689494
66692365
66714983
66751253
66753191
66766936
66795326
66819785
66828839
66829720
66871065
66906051
66911929
66944285
67008033
67027685
67046259
67047490
67055669
67070399
67095330
67116280
67121842
67123870
67156338
67171867
67172232
67177374
67177778
67201213
67202717
67204829
67223373
67259771
67261840
67286591
67292089
67307512
67311433
67313626
67322917
67330085
67333747
67335295
67336450
67377767
67390313
67409219
67411502
67418070
67439664
67454400
67462786
67475270
67479909
67501411
67505836
67517580
67583702
67683363
67773619
67919748
67979346
67998300
68026984
68029831
68108988
68109743
68165256
68185467
68194743
68195340
68210102
68234908
68245749
68254185
68260278
68289010
68389008
68468086
68470595
68483436
68488178
68502634
68555287
68627149
68677842
68748835
68752099
68851884
68853159
68858974
68861574
68902536
68915728
68943792
68947304
69084898
69093374
69143846
69247748
69286046
69400440
69673196
69804458
69809776
69820479
70220033
70267806
70306716
70632468
70662473
70669253
70674853
70675838
70678541
70678557
70678853
70679123
70687193
70687322
70688629
70691388
70691416
70693500
70693519
70695615
70697664
70700268
70701426
70701990
70788954
70788982
70789754
70789955
70798655
70807574
70817911
70838704
70914230
70957463
70980485
71001861
71025419
71059525
71059746
71076840
71113742
71138858
71144018
71183216
71186236
71186343
71209600
71226662
71227359
71228883
71236991
71236992
71237511
71242808
71243332
71245288
71249967
71252718
71257551
71262247
71269142
71270546
71271414
71280305
71289877
71293692
71295786
71296904
71297386
71299255
71299579
71299657
71300601
71300622
71300624
71300625
71300626
71300638
71300723
71300746
71300755
71300756
71300864
71300869
71300922
71300925
71300936
71300957
71301229
71301230
71301231
71301234
71301236
71301276
71301278
71304809
71306319
71306396
71306410
71306415
71306834
71306891
71307090
71307398
71308193
71308475
71308561
71308568
71308751
71311077
71312020
71313529
71314475
71316466
71402018
71436232
71438732
71449007
71451950
71452493
71454279
71454399
71455937
71457944
71457947
71457955
71461381
71461382
71461395
71463801
71464583
71464713
71466517
71467418
71468161
71470491
71471223
71474517
71475839
71479709
71481097
71481187
71484494
71487030
71491874
71491931
71492247
71492799
71494926
71494949
71496458
71502876
71506874
71508291
71509114
71509318
71511836
71511839
71515458
71515466
71523377
71526099
71526737
71526745
71528459
71528744
71528764
71528767
71528768
71532123
71532754
71533696
71535003
71535962
71539018
71542153
71543365
71544786
71548883
71554322
71558565
71563370
71566267
71566778
71568799
71571306
71576419
71576543
71576678
71577426
71580408
71580991
71582672
71583615
71584930
71586372
71586738
71586740
71586775
71586946
71587039
71587091
71587153
71587155
71587201
71587253
71587407
71587589
71587624
71587625
71587637
71587684
71587772
71587782
71587784
71587842
71587863
71587877
71587897
71587917
71587953
71587955
71587994
71588800
71592850
71594828
71599640
71600085
71600087
71600094
71602803
71605071
71608022
71611869
71611998
71616860
71621329
71621331
71622431
71623049
71627173
71627390
71652162
71654876
71657455
71657619
71661158
71661248
71661251
71661259
71661804
71664305
71665718
71666749
71667668
71668132
71678098
71682837
71682991
71691581
71696703
71699758
71711529
71711862
71714119
71715374
71721540
71721648
71722042
71725148
71725151
71727383
71727581
71728368
71728433
71729958
71730058
71731823
71732146
71736582
71738795
71738890
71748255
71748268
71749922
71751212
71761627
71761628
71766360
71767208
71767528
71767809
71775001
71777673
71777706
71811909
71811910
71812154
71812247
71816154
71819733
72163100
72165228
72165232
72187679
72188357
72188645
72188743
72190270
72190879
72191360
72192163
72193629
72195175
72196309
72202474
72202701
72203535
72547837
72548788
72550012
72694302
72694819
72696794
72696796
72699343
72700713
72703475
72703790
72704611
72706886
72707125
72710735
72710866
72710875
72715805
72715981
72722126
72722205
72722243
72734342
72734356
72734364
72734365
72734520
72736758
72784645
72790165
72792692
72793904
72823181
72941722
72941840
72941948
72941952
72941960
72941961
72941968
72941969
72941974
72941992
72942015
72948400
72950407
72950888
73013253
73049652
73050806
73051434
73051463
73051869
73053526
73053710
73152322
73152393
73153247
73167574
73211817
73291783
73297272
73330464
73336238
73357808
73386645
73386708
73386748
73386890
73388393
73388818
73415760
73415768
73415770
73415774
73415789
73415798
73415800
73415812
73415817
73415824
73415998
73416227
73425534
73437845
73438222
73438549
73440751
73441910
73442840
73456806
73504719
73505111
73602848
73608879
73652135
73659126
73659127
73671732
73672523
73673720
73759809
73759969
73774610
73774960
73776232
73776233
73776234
73777259
73852571
73952271
73995014
74089340
74089835
74222430
74223469
74223726
74316192
74331798
74388119
74394492
74405857
74424173
74440545
74763937
74764323
74766016
74766516
74787537
74787982
75007581
75028833
75057883
75124299
75125705
75148889
75274356
75464811
75530400
75593290
75593308
75593324
75905632
75989445
76071881
76073634
76283707
76285164
76285205
76286825
76287260
76318569
76322221
76324338
76418679
76677260
76684239
76685059
76685198
76685216
76853225
76853547
76853606
76871863
76899983
76900653
76902493
76943386
76955630
76955826
76956202
76956344
76957057
76957626
76958276
76958822
76959255
76960246
76960253
76960417
76962714
76962804
76963285
76964235
76964236
76964366
76965483
76965484
76966248
76966897
76967443
76967524
76967747
76967787
76968809
76968835
76969729
76969888
76970479
76970819
76971117
76971721
76972289
76972915
76972919
76974609
77014446
77050638
77050711
77059004
77059035
77059093
77098502
77107498
77108121
77461001
77461142
77843966
77843968
77846445
77906400
78131177
78137539
78195674
78209992
78210211
78210254
78210288
78302531
78318118
78318119
78320408
78320750
78322573
78323434
78323835
78324948
78333406
78357761
78357801
78357807
78357816
78358324
78358326
78358485
78384800
78425850
78427026
78759283
78759336
81689783
81689826
85044823
85048876
85049094
85075007
85129233
85364156
85364158
85364159
85469632
85470863
85470885
85470919
85471918
85540151
85668777
86267612
86268043
86268622
86269224
86269973
86270361
86272868
86278165
86278273
86278325
86278331
86278334
86278343
86278355
86278357
86278359
86278360
86278362
86278363
86278934
86279927
86280331
86280523
86280646
86280672
86281210
86287410
86287628
86287629
86287635
86289593
86290205
86290234
86290265
86290953
86291103
86291496
86291498
86291591
86291593
86291594
86292849
86294067
86294073
86294127
86294743
86296048
86296257
86296847
86298636
86298703
86298861
86300657
86301316
86301664
86305217
86344239
86345880
86566678
86566705
86567101
86567195
86574136
86582336
86583336
86589701
86649518
86660726
86676119
86677874
86705695
86709174
86711931
86720912
86721856
86748889
86763204
86763295
86763358
86764100
86764103
86764535
86820641
87055263
87055351
87060529
87067662
87070941
87126289
87184527
87355566
87368260
87368269
87384936
87411467
87553738
87900910
87949193
88602735
88810850
88944400
89037726
89051543
89495685
89497391
89504167
89508529
89522394
89532783
89584422
89601515
89612265
89655386
89658382
89663273
89670174
89683805
89699486
89727402
89741565
89774729
89792952
89808643
89851851
89851852
89860551
89875987
89884852
89921642
89954189
89992620
89995232
89996234
90003064
90043890
90052320
90055716
90111638
90116675
90199447
90200922
90205317
90214495
90241742
90248010
90274764
90279868
90311989
90331177
90336472
90408860
90409366
90410660
90415637
90420193
90433770
90445883
90448953
90456533
90462880
90465822
90466365
90467234
90467376
90467467
90467622
90468997
90469070
90470545
90471248
90472060
90477620
90478523
90478980
90479359
90479374
90479455
90479564
90479606
90479644
90479725
90479726
90479727
90479825
90480031
90480033
90488758
90488766
90488821
90488927
90643431
90645873
90647162
90657341
90659000
90659750
90666167
90677410
90684551
91088406
91555781
91617630
91617675
91617941
91618104
91654792
91663255
91663266
91663352
91666313
91666318
91666324
91667513
91667580
91667591
91667592
91667764
91667825
91667835
91667962
91668168
91668172
91668177
91668184
91668186
91668189
91668194
91669168
91738008
91754427
91754428
91754477
91754484
91754520
91754527
91756366
91758271
91758782
91758792
91799359
91801202
91801207
91801223
91809202
91809235
91809347
91809656
91810345
91810660
91810664
91810702
91810705
91820207
91820614
91820639
91820686
91820696
91824132
91824755
91824766
91826280
91826462
91826710
91826737
91827367
91844684
91844733
91864495
91864509
91864521
91865076
91865087
91865088
91884638
91885554
91885568
91885617
91886728
91895515
91927806
91928636
91933845
91933867
91933883
91935802
91935803
91936858
91936863
91938087
91971267
91971505
91971670
91971820
91972012
91972121
91972139
91976556
91976826
91976991
92002593
92023628
92042879
92042890
92043424
92043599
92044406
92044505
92045019
92045025
92045060
92131110
92131145
92131181
92132757
92135634
92135637
92135660
92135817
92135827
92135919
92135932
92135934
92135969
92136018
92471558
93392290
96568204
100982150
101018988
101066144
101163123
101417452
101641675
101742774
101882900
101886309
101909865
102004407
102004611
102004932
102090451
102405721
102514733
102514740
102593990
102594005
105532745
107275093
109374151
110208808
112500313
112500413
112500431
117065176
117587595
117587641
117587644
117604931
117607904
117703516
117723179
117734810
117752163
117761397
117773770
117779453
117797905
117807031
117817422
117823351
117852958
117853206
117857370
117877477
117879891
117902620
117909640
117918742
117940165
117947097
117947705
117955898
117968525
117987479
117996795
118009787
118021883
118023034
118029202
118036971
118045847
118063735
118086034
118092367
118107483
118110201
118110531
118115473
118125592
118126601
118133659
118139356
118142525
118161062
118162109
118162630
118163156
118166560
118169620
118196485
118204185
118211239
118214142
118224238
118224491
118224658
118237331
118238370
118253852
118276683
118277544
118278088
118279413
118282339
118290753
118291958
118294817
118295270
118295558
118295624
118305111
118308154
118310260
118323590
118331338
118354396
118364782
118366267
118374999
118379834
118385816
118389446
118414016
118419773
118422671
118426108
118432651
118435360
118435805
118465221
118467751
118480924
118483201
118502708
118513932
118557502
118560618
118572065
118574930
118577045
118584251
118591386
118591411
118596336
118597685
118598754
118599727
118607832
118613788
118622692
118627280
118628567
118634103
118639856
118647211
118649391
118665873
118676295
118693659
118701161
118701716
118704920
118705500
118753642
118796483
118797263
118797676
118797978
118797980
118797986
118855341
118856773
118861389
118867525
118869362
118873253
118877516
118878093
118892432
118893637
118904282
118910268
118912975
118936948
118939917
118955396
118973614
118981713
118981804
118984375
118984394
118984441
118984443
118984445
118984454
118984456
118984462
118984463
118984464
118984471
118986999
118987000
118987284
118987285
118988661
118989704
119011041
119057475
119058013
119058029
119058033
119058036
119058041
120656155
121000421
121225724
121231040
121231051
121231408
121231436
121248172
121249291
121249960
121250885
121260977
121268274
121269225
121273514
121276461
121276853
121280087
121280694
121293929
121294984
121299620
121301049
121301508
121303394
121304016
121304331
121305180
121313021
121317454
121318866
121328278
121333423
121349608
121349852
121362450
121364961
121364971
121365142
121371196
121373788
121375819
121383526
121395201
121397587
121397607
121404901
121408882
121410180
121410806
121412508
121415134
121418176
121425461
121427236
121427554
121428882
121439966
121448097
121448788
121481566
121485701
121488158
121488161
121488163
121488167
121488170
121488171
121488172
121488177
121488178
121488182
121488186
121490161
121490254
121492864
121494085
121494121
121494123
121513889
121513910
121595900
121595940
121596037
121596038
121596043
121596128
121596510
121596640
121596688
121596701
122130662
122164949
122172962
122173812
122177130
122180940
122199235
122201352
122236791
122360844
122362431
122403924
122412736
122424426
122429808
122443488
122444668
122445050
122452488
122460381
122480653
122490062
122491414
122497020
122507647
122522051
122522052
122527275
122536283
122544510
122546756
122549964
122583088
122585383
122594417
122596262
122599280
122625253
122640033
122650693
122660464
122662112
122662515
122662787
122666966
122670110
122677428
122678117
122685543
122702529
122706784
122706785
122706786
122706909
122706930
122707132
123131802
123132511
123133557
123133819
123134034
123134308
123134378
123829927
123897108
124037376
124037379
124040735
124079495
124080849
124080907
124081050
124081742
124081779
124081865
124081876
124081896
124083048
124085715
124090478
124091099
124106089
124111565
124121703
124122366
124123797
124126348
124134768
124155204
124173720
124181541
124203157
124219523
124220556
124220583
124220601
124220636
124220777
124223334
124304713
125482193
126456119
126480208
126480209
126480214
126480232
126480242
126480245
126480325
126480615
126481870
126482037
126483021
126494519
126495573
126558497
126567187
126571915
126573394
126582741
126615756
126637809
126642132
126642840
126646947
126670204
126689157
126714060
126715380
126715974
126736894
126741248
126742266
126752383
126842313
126843217
126843231
126959782
126961329
126961379
126961390
126961754
126963458
126968545
127043567
127044510
127239851
127255593
129009864
129009875
129009923
129009963
129009970
129009981
129010025
129010310
129010506
129011857
129012199
129027150
129027688
129045720
129049969
129050791
129052159
129053037
129072557
129073603
129077798
129087045
129096972
129103609
129116690
129119870
129138801
129143185
129165016
129199016
129205086
129205616
129234005
129240620
129242560
129264140
129269915
129277417
129278694
129316491
129316830
129318280
129360500
129626368
129626432
129626604
129627691
129627734
129627802
129627881
129628176
129628214
129628499
129628754
129628848
129628949
129629076
129629351
129630659
129630767
129634336
129642492
129718625
129721014
129722163
129735008
129876692
129893533
129893563
129894493
129896932
129900236
129900385
130205852
130229812
130232326
130275856
130277831
130298939
130306983
130310079
130330722
130339268
130343923
130358571
130412842
130429734
130431318
130443213
130454904
130476723
131632305
131632429
131633021
131633366
131634231
131634410
131634491
131634510
131634674
131634758
131634760
131634859
131635025
131664198
131668650
131673820
131674879
131674923
131674970
131674974
131675604
131676157
131676818
131701323
131704314
131704316
131704322
131704324
131706607
131724228
131729795
131730356
131750171
131750181
131750182
131750188
131750197
131750213
131751496
131752694
131801093
131801095
131801100
131801105
131801108
131801109
131801114
131801471
131801472
131841495
131842121
131842305
131845262
131845646
131850873
131852398
131863586
131887655
131952892
131953501
131954443
131955096
131964504
131978513
131979190
131984581
132010322
132010878
132016492
132026427
132042903
132056570
132123624
132136461
132141687
132155398
132160637
132162214
132164139
132189640
132190533
132200405
132203319
132207249
132209614
132211171
132212657
132222602
132225057
132232205
132232498
132246793
132260161
132271862
132274779
132279048
132285183
132451761
132473017
132473040
132512026
132558698
133053456
133065413
133065448
133065662
133065673
133065724
133080621
133082063
133082079
133082085
133082086
133082230
133082519
133082658
133082710
133082733
133082858
133082921
133083018
133083036
133083079
133124921
133126654
133126676
133612275
134159760
134160121
134160274
134164132
134168328
134182831
134210715
134241459
134247638
134262752
134274808
134304734
134307820
134328409
134330557
134347893
134391533
134391948
134393443
134397000
134414307
134415769
134427539
134427646
134436906
134440946
134442338
134453496
134457551
134461434
134470179
134517711
134539165
134540598
134542980
134558471
134562533
134564305
134587348
134588268
134609793
134611040
134611548
134611625
134687067
134687196
134687212
134687495
134687617
134687648
134689626
134691992
134693068
134693700
134694266
134694270
134694273
134694278
134694621
134694967
134715834
134717663
134731649
134754218
134760597
134767951
134812041
134812042
134812690
134817236
134817328
134819826
134821691
134822012
134822017
134823893
134823895
134827875
134828257
135121818
135125140
135146787
135151360
135151902
135181440
135205863
135206011
135210935
135240137
135240395
135240787
135242184
135260636
135281467
135297777
135300446
135303769
135307127
135311801
135317244
135318628
135329968
135332280
135338378
135339165
135346794
135351887
135355941
135365200
135379897
135381565
135382587
135390719
135390762
135390763
135390789
135390808
135390812
135390844
135390885
135390910
135390911
135390942
135391001
135391021
135391044
135391051
135391165
135397664
135398495
135398508
135398510
135398513
135398516
135398519
135398526
135398559
135398561
135398563
135398579
135398618
135398619
135398633
135398640
135398641
135398645
135398651
135398654
135398658
135398680
135398735
135398737
135398738
135398739
135398740
135398741
135398742
135398743
135398744
135398745
135398747
135398748
135398752
135400182
135400185
135400189
135401907
135402045
135403647
135403648
135403821
135403832
135405876
135406950
135409256
135409347
135409360
135409400
135409409
135409453
135409468
135409471
135409535
135409548
135409642
135410875
135410911
135413494
135413496
135413504
135413511
135413518
135413519
135413520
135413523
135413525
135413527
135413534
135413535
135413536
135413538
135413539
135413540
135413542
135413543
135413544
135413545
135413547
135413552
135413553
135413558
135413565
135414253
135415790
135415791
135415867
135415868
135416229
135418404
135421197
135421783
135422895
135423438
135424953
135425254
135425273
135428923
135430812
135430945
135430970
135431021
135431074
135431094
135431100
135431668
135431817
135436482
135438569
135442966
135445743
135445765
135446049
135446069
135449284
135449303
135449325
135449327
135449331
135449332
135449333
135449518
135449674
135451068
135456058
135456185
135456189
135456190
135457951
135463437
135465090
135476717
135481886
135483892
135483998
135484065
135484142
135486137
135487419
135487856
135495205
135497066
135497698
135497803
135499147
135500522
135509080
135511704
135516356
135525492
135526515
135526609
135526726
135534490
135536943
135537060
135538688
135539077
135540812
135543744
135544014
135545855
135546338
135564391
135564527
135564528
135564531
135564558
135564624
135564628
135564632
135564639
135564654
135564655
135564749
135564751
135564839
135564845
135564864
135564890
135564925
135564966
135564971
135564985
135564996
135565033
135565041
135565042
135565082
135565102
135565150
135565159
135565166
135565181
135565248
135565321
135565341
135565361
135565465
135565536
135565545
135565554
135565596
135565609
135565610
135565623
135565640
135565654
135565658
135565660
135565662
135565672
135565674
135565709
135565736
135565785
135565845
135565884
135565903
135565923
135565932
135565956
135565981
135566004
135566032
135566057
135566069
135566083
135566123
135566325
135566486
135566536
135566823
135566974
135573953
135611162
135612785
135617075
135659029
135659043
135659048
135659058
135659064
135665655
135705228
135741221
135742497
135743635
135802074
135823198
135823836
135867541
135883785
135887830
135903069
135905454
135905473
135908617
135914977
135916113
135950975
135976517
135980528
136014272
136018428
136022209
136033680
136047905
136068113
136096147
136099626
136122650
136126080
136126081
136133795
136136513
136170999
136171075
136177058
136180065
136199652
136209703
136231923
136232822
136234085
136234633
136238507
136239910
136241862
136245567
136245570
136253996
136274447
136286736
136289148
136359212
136359922
136378614
136387462
136402098
136469009
136493723
136510377
136653617
136654894
136693871
136919716
136941668
136970071
137017382
137091139
137102568
137106310
137150099
137156395
137179783
137183587
137208346
137219757
137226083
137229713
137254326
137265511
137278711
137279257
137308771
137319706
137321184
137321953
137321960
137331887
137331909
137332080
137346479
137351107
137355584
137355972
137357786
137357790
137359209
137359492
137379043
137380252
137402358
137408242
137433038
137434175
137441492
137448679
137455315
137460733
137464756
137465182
137491382
137498152
137500045
137501615
137517950
137517954
137519326
137528190
137528212
137528229
137528261
137528262
137530063
137535407
137542570
137543908
137549752
137552069
137552085
137552087
137552094
137553165
137553173
137628629
137628653
137628665
137634027
137634060
137699106
137699212
137699680
137704528
137704641
137704648
137705114
137706342
137794949
137795313
137796909
137796979
137967119
138059665
138059749
138106567
138107924
138113342
138114327
138319677
138319683
138319775
138320013
138320044
138376512
138392494
138393798
138393987
138399423
138403272
138404388
138454869
138454980
138455030
138472434
138497449
138522180
138523649
138523931
138560421
138592025
138594142
138594194
138608764
138611145
138620496
138622158
138624627
138628908
138632287
138657983
138669688
138674835
138675487
138678712
138684045
138697188
138734912
138740167
138746841
138752609
138753631
138753634
138756733
138911098
138911123
138911340
138911391
138911459
139030242
139030249
139030502
139030979
139031059
139033020
139033070
139033082
139033579
139033603
139033638
139033642
139033892
139067414
139073990
139082353
139092512
139202885
139211146
139247992
139263024
139263050
139266768
139266790
139269842
139291730
139299805
139300919
139301832
139318505
139329673
139331475
139331495
139337878
139344142
139350422
139360137
139377809
139394142
139399801
139413170
139415154
139415233
139415912
139416847
139433957
139443008
139450967
139467635
139486484
139487180
139494025
139507438
139512018
139549388
139560984
139583739
139593402
139593411
139593415
139593425
139593440
139593469
139593496
139593519
139593548
139600308
139600335
139953895
140118553
140334082
140529927
140609103
140650927
140700741
140780042
140830474
140830653
140928408
140944699
141150294
141649565
141671949
141687654
141723940
141724181
141725841
141754136
142411678
142434183
142464264
142490497
142616992
142620206
145343771
145386432
145459096
145684635
145705667
145705876
145705915
145705971
145708397
145711124
145711293
145712239
145712264
145720531
145721395
145722011
145722022
145722036
145722049
145722461
145722473
145722609
145722612
145722621
145722623
145722629
145722633
145722637
145766632
145994364
145994867
145994868
145996605
145996610
145996611
145996625
145996647
145996738
146014417
146014907
146018254
146019463
146019693
146025939
146025952
146026959
146027016
146035720
146047135
146047148
146048026
146048028
146155947
146156144
146156753
146156819
146156883
146157058
146157327
146158777
146158822
146159824
146160434
146170992
146170995
146171209
146175071
146192952
146195299
146197187
146212008
146219790
146225627
146225852
146261163
146262473
146268692
146269047
146271223
146273261
146315728
146317833
146319102
146343907
146361282
146364430
146395245
146402726
146420437
146421275
146422953
146425949
146430058
146444831
146448634
146472812
146484310
146498390
146502834
146552010
146559796
146567655
146585168
146586175
146591762
146599824
146603228
146609022
146614402
146624881
146636100
146651362
146659124
146662729
146673021
146673134
146675088
146675117
146676940
146678993
146681948
147075611
147289591
147345865
147562879
147565559
147817927
147894286
148163435
148293990
148494876
148636827
148953915
149063248
149103218
149205919
149276766
149429863
149553242
149866877
150782011
151890382
152031485
152206257
152262911
152274851
153129765
153266620
153278332
153289974
153298202
153311490
153380128
153420471
153425540
153426963
153506575
153513643
153516440
153563259
153606610
153608878
153633209
153835395
154496136
154572727
154572822
154572844
154572855
154572869
154572876
154572880
154573779
154575080
154584814
154584945
154593283
154616421
154616422
154617563
154618785
154623230
154636316
154642628
154642729
154648184
154653847
154663238
154677753
154695939
154699459
154699467
154700566
154701308
154701543
154701714
154702463
154723897
154723996
154724555
154728220
154730643
154731581
154731585
154731616
154731642
154731782
154731998
154789542
154804857
154804870
154805955
154824286
154824631
154837839
154925760
154956436
154975891
154988914
155103607
155105032
155128494
155132201
155164064
155166738
155180028
155188924
155190269
155207651
155209570
155210486
155214091
155214362
155234495
155234713
155234733
155259577
155269708
155282305
155289109
155309155
155318440
155332312
155337781
155338753
155342988
155369486
155385439
155387671
155407072
155411211
155427795
155431347
155433819
155434855
155449671
155458006
155460962
155491112
155491122
155491161
155491233
155491252
155491347
155510360
155537428
155559189
155580034
155586901
155587867
155589463
155590998
155625942
155658608
155676458
155753054
155788096
155792249
155801560
155801565
155801574
155802514
155803776
155803793
155804635
155804637
155804790
155804812
155810229
155817428
155817506
155817791
155859161
155884410
155903259
155903729
155904533
155905549
155906809
155907551
155907622
155907712
155907829
155907986
155908469
155908677
155923038
155926085
155929096
155929097
155937516
155981972
156009087
156009449
156009456
156009457
156024486
156024996
156057581
156071569
156097095
156124857
156151242
156152735
156165216
156188109
156195543
156248515
156274257
156295589
156297592
156311996
156336120
156337168
156338076
156371488
156417714
156440741
156442379
156445116
156464216
156472638
156481434
156487652
156498110
156500174
156501355
156504141
156526655
156538665
156539584
156565109
156588211
156588324
156588327
156592306
156596374
156596391
156596411
156596464
156596527
156596528
156596541
156597125
156599003
156599540
156613702
156613937
156613987
156614093
156619704
156619921
156710490
156732294
156744887
156768862
156777270
156805932
156817975
156818030
156824018
156836209
156855755
156857753
156858930
156859185
156861524
156869388
156881893
156889652
156897220
156905791
156906982
156963260
156963368
156963372
156963567
156963644
157010069
157010715
157038619
157049314
157049329
157088853
157787771
157827766
158715582
160283094
160315322
162342675
162343947
162346700
162360412
162365111
162368337
162369747
162381323
162396309
162421355
162423126
162445339
162462321
162510634
162513664
162524593
162532892
162533924
162623410
162623518
162623577
162623619
162623678
162623686
162623707
162623841
162625091
162625103
162640850
162641051
162679554
162695402
162703963
162758652
162772363
163110884
163114077
163197097
163203529
163203536
163203547
163203562
163203563
163203576
163203601
163203607
163203622
163255390
163280903
163281652
163285258
163285750
163285896
163285897
163303906
163322021
163322341
163337887
163341964
163358504
163358784
163360075
163362000
163373364
163377372
163395232
163396665
163408889
163409081
163410396
163557606
163871173
164030877
164180694
164182053
164186490
164512872
164512951
164513281
164513337
164532637
164536956
164537716
164575500
164584214
164590400
164593978
164643703
164709790
164718816
164726578
164752829
164753116
164809721
164875418
164886680
164888921
164888937
164888948
164888952
164889473
164889476
164889482
164921580
164933665
164938183
164946816
164946941
165135384
165150001
165152355
165339223
165360112
165360157
165363486
165363555
165366432
165368458
165386441
165386881
165402525
165411828
165411875
165411903
165411930
165411933
165411955
165412126
165412584
165412595
165412692
165416204
165416446
165430634
165618797
165706199
166077922
166078561
166132569
166140536
166157331
166158894
166168413
166177189
166177190
166177191
166177192
166177193
166177211
166177279
166449378
166450467
166451425
166456099
166486993
166488980
166509683
166532451
166560233
166567236
166596686
166625415
166633571
166638279
166639051
166639118
166639717
166642651
166642685
166753033
166792554
166794217
166822065
166909510
166926318
167145227
167251905
167312311
167312327
167312357
167312358
167312372
167312405
167312471
167312474
167312484
167350327
167417114
167493856
167495591
167507156
167528083
167713141
167713159
167713195
167713279
167713292
167713319
167993669
167993670
167994970
168008614
168009036
168009805
168009818
168009821
168009840
168009853
168009866
168009893
168009928
168009947
168009963
168010204
168012576
168111901
168152471
168157187
168191398
168201327
168261406
168264922
168266256
168266257
168266266
168300761
168300893
168301722
168310683
168311640
168312223
168312317
168312458
168312549
168312947
168313165
168314612
168314713
168315377
168316929
168322462
168322524
168324612
168325609
168325625
168376974
168429466
168429471
168429476
168429477
168429555
168429557
168429725
168432171
168432540
168433553
168433599
168442460
168445332
168446053
168477818
168490114
168510630
168510634
168752082
168780899
168817518
168826121
168931692
168982960
169134691
169155658
169160620
169262739
169265594
169290095
169292214
169292289
169408233
169408241
169408332
169408342
169408355
169408361
169422740
169422749
169427267
169447973
169450595
169450706
169450714
169450720
169488820
169489554
169490724
169490730
169490736
169490832
169490852
169490859
169490863
169492905
169492940
169494377
169494480
169543924
169544770
169644648
169861725
170261529
170356829
170522999
170542230
170545987
170647464
170678247
170708061
170717998
170836017
170836146
170841773
170907453
170920067
170922359
170922446
170923314
170924123
170967296
170995116
170996883
171036043
171037434
171037445
171037448
171041442
171042537
171043010
171074967
171101962
171340301
171358957
171361239
171364438
171364483
171369669
171370404
171370490
171378320
171378324
171378821
171389985
171389993
171389998
171390016
171390018
171390022
171390144
171390241
171390274
171390277
171391789
171391835
171393602
171395209
171397054
171499422
171517549
171522487
171523990
171524444
171554272
171656297
171662250
171666066
171666295
171689344
171714384
171714389
171775678
171846794
171853615
171855226
171934786
171934788
171975737
172011805
172053920
172142898
172195605
172321976
172323014
172395801
172408049
172408051
172408118
172431614
172442557
172581346
172618374
172627641
172635896
172638550
172638719
172638724
172638974
172642652
172643009
172643355
172652641
172654581
172677403
172866200
172866231
172866244
172866248
172866254
172866262
172866565
172866572
172866770
172866786
172866829
172866837
172873154
172873159
172873162
172873436
172873442
172873444
172874964
172875261
172875367
172875473
172875706
172878163
172878245
172878479
172879835
172909732
172915556
172915634
172915807
172963460
172966225
172966651
172966663
172973390
172991795
172991801
175670819
175678582
175679038
176157253
176257790
176317256
176419344
176445531
176489593
176507610
176507640
176507653
176507777
176514648
176517607
176518670
176519215
176519906
176520118
176520509
176522752
176528829
176528833
176530837
176530838
176531674
176535703
176540436
176541637
176546364
177381804
177669090
177669159
177675639
177678473
177678480
177678861
177678993
177692691
177699751
177700565
177746969
177746970
177746972
177784302
177823044
177833644
177839066
177840518
177841680
177843612
177844312
177857459
177864544
177896969
177897004
177897103
178271005
